nodes
455
1251.4915177950277 86.20866048482597
1291.7223172072274 88.278032943412185
144.20742269802042 139.58329575018865
112.66083991322536 146.74921090382628
169.95128877720387 151.33284785743459
266.89051248885556 188.27331444072291
1226.5098766672825 95.915218348226219
1250.1443360544222 111.13816612218555
1276.1795124607827 110.18760712029894
1307.2455941328592 106.87849586705249
1146.2533274760251 137.94155117482541
1119.0685175702904 149.59710399496001
1171.0230526246278 149.50415908076025
153.16724936867723 164.57698184698089
134.02381958201715 164.28054058263547
115.28926630857951 170.19591343056862
96.840021470408729 167.23771642846765
179.07377096784708 182.1849392902536
241.78138427387319 196.15336366206242
258.37079298387641 209.45033209362344
277.34939471886474 212.50526776714952
294.71351007719261 200.94155928726283
1235.3679929343821 128.75556807684268
1260.7394644661554 136.06408294679736
1295.7338451090041 132.55820435752005
1147.2597241912874 166.17972872685655
1128.675946720999 179.82627016413113
1107.4365584098489 179.51317856172807
1172.114803897601 182.06701339506751
149.52789161077604 185.05963104085745
127.83012582748461 182.38381264027777
106.49048658350767 191.33904495262917
169.29171112443223 211.02862058566708
233.82134850209104 223.13861873772211
268.8371821832767 234.73213542906427
305.13362852561193 229.91635446470931
1383.9839493652237 175.96943060383515
1360.3018458935003 171.35650319319961
1398.6204501233253 205.12237891506169
1249.8768328998881 166.40003351865829
1268.9225574520608 163.99899961055178
1146.4226968581825 198.14227455139502
1120.7163834941398 205.46182183901905
1168.5613784126788 220.0979116949556
1093.1314549262961 285.58668835034172
1078.6892091294326 306.57975096898809
1075.4003458358698 334.92378097252652
1419.8051362010613 731.72554192486211
1404.7673939719223 704.28818425462327
1374.5327499491277 694.68171139763569
133.78067279419807 205.90289129932987
158.83312199536158 233.63319600286727
12.15362540595525 255.33478465379622
8.3079114945366008 289.69011312363443
249.60256366452211 259.2114874683586
291.83329273062861 257.80697681255702
350.99889244824442 345.65734556910871
356.577144474009 378.08394819773071
330.11064044313241 332.16700631546632
1365.7143713006897 197.16071992394581
1343.459316453949 187.52018316467004
1370.6256697518966 220.97823764210074
1388.3708944885939 237.14384885342253
1232.5793972502083 217.72975556199543
1257.7513456557699 209.20273708456943
1151.0223441024036 230.74475152980955
1183.5441583773109 242.41791142661185
1100.7303551148434 306.28899963167078
1116.6249370182825 291.8922103008565
1096.3597557638534 327.8207741038234
1094.4401295221089 351.88414182973247
1137.2163671320739 311.04446038544467
1480.6825718452101 840.26862118986116
1411.7490750823483 755.69061587801752
1395.5348325817333 745.95524506724519
1379.5330711452523 717.79988739436908
1393.0263307932642 728.56583933656407
1362.0050073774435 719.32393935301775
1349.0189287589603 707.50442212820019
175.85758478353907 263.62909564573039
146.5205177382457 239.4099590050923
34.547123787930417 244.11417795547894
39.590684842938586 275.19936749763139
40.417171929808234 300.3722120747039
27.340098537474539 320.17655512275394
249.84126018489775 288.2858270728986
268.43335206898826 287.88166884146136
330.12372989690851 359.80251149684818
329.9588238630879 383.58662562664881
341.12137315323849 400.46363612815458
304.96854380491499 345.10644125864656
1207.8173179088694 245.24788093098721
1338.0512564360433 217.89194141136841
1361.5381561394586 245.94060538350564
1311.9113435932672 238.51850903362751
1237.2982168026372 245.3198935607038
1259.5596805177584 243.57943714211984
1163.0361310078251 277.08335004600133
1196.3729228803229 263.71536148735458
1123.7725113799795 321.21927567987819
1144.2270476793744 321.07590084186791
1118.902430763563 348.363397831219
1158.9983927583376 307.44546749867396
1485.5855383640101 869.57776049268955
1467.3414861836468 852.59829842668591
1457.2633724012076 834.34829886567661
1465.498960651717 812.32702808387739
1384.678654534614 763.6765636230507
1364.3582370119739 742.85935745021777
1342.5820500219036 733.77431839466567
1250.1447106865892 694.62945425203793
1277.275113834929 704.01609500854147
205.15356299711607 296.60031607470233
228.82082252182258 307.50718532153985
164.32551107639927 284.08877875356058
187.54237830641836 311.69201528312306
66.952563814494198 262.73241974893244
63.867952999533564 296.67838390650627
52.210515852348856 324.95436811642958
245.36349815580732 313.92563247327774
259.61048898253785 331.90765308518559
308.12833434806203 374.21370201348816
315.80196597812392 401.0287737014383
282.6234756898632 365.03758793828013
1226.1080328718062 262.75753204494345
1319.7984136524246 249.26903881777588
1281.3145521042284 254.32143229424989
1257.3453616737236 255.26850522214085
1201.358974235802 291.0701329882292
1158.2309833978438 324.92766872101356
1141.7810695724124 332.81483731188462
1179.7700367497032 323.31421999730196
1464.2998846844939 868.04015208410442
1471.7030834330503 890.84334190360585
1450.5830736008891 853.57444293788785
1439.0237023807874 837.57524273255626
1441.0746822989402 810.48187550438581
1357.3411657680365 766.80955435186888
1342.2581790231868 762.00942494778337
1249.6442906015286 710.62010763575313
1230.652269265855 707.08223546288048
1263.0907320587805 724.73546018547859
1289.2616032619378 726.53620551475535
208.09014991336559 319.33065473350217
226.31853068487948 325.98598363811527
190.97055192984922 327.15132542489835
163.98941781298831 317.49467815095983
97.005250229328652 309.73729182808961
77.511496364129783 316.38891740962799
239.6684488536095 342.14611622825345
259.46113312587158 359.31929918453159
288.56680688240237 387.98644846432876
270.05084416073566 377.66575761171379
1278.729133333941 281.65147359316887
1208.4769511039481 321.58910891135639
1166.0240338512649 340.72564459508754
1187.5394195501319 341.64081082568339
1446.6116427942411 875.13877402270282
1446.4873875445687 896.12070538645662
1428.9583531609555 853.7458914956012
1421.9270989476677 831.05249605243523
1332.9657275986726 796.40741733896368
1317.8216270372923 786.314435719328
1228.5274413689344 732.38531317823617
1270.7661345058802 750.25844027256255
1257.8878995510845 777.27681879851798
209.73505304010763 347.047102658634
140.44820246103092 328.45095313593765
183.70548449595691 340.27085896736799
116.46469633719828 333.15006062593665
231.67735411265565 370.38692131213872
253.69525151544943 379.29953615404128
266.5938238550263 397.05779141470191
1216.3463845231038 364.34916629796578
1172.733717163431 365.98628388555261
1419.5212641708924 877.65641709017643
1401.6645333082483 849.01610343608206
1316.4306738267674 833.09797465741997
1364.1654945467153 850.77828522489915
1289.1698830252953 814.38402784055927
1265.6647427903599 806.87585357677381
1241.471444099755 775.1963509956388
649.75883849834679 26.225834370678122
700 4
184.70206767223567 389.40865852417176
231.86237586816043 404.24845011480676
260.71739009788377 420.08227333450645
1143.1816387352305 554.86690359949125
1160.0677441914297 485.7189162382877
1154.67888201448 411.70749458442378
1120.8641371537976 580.68010288270852
1373.5934406802166 867.51576800384214
1295.9156288015058 843.41510062836846
1326.818244035607 854.26972696402936
1266.4753941085498 847.99428226334544
1219.5968453143864 849.1620528799665
603.7960000834986 86.674555670147925
698.45961942245162 51.825017995875235
666.10721808638812 81.710618565487806
752.08899809599109 28.648415463604465
825.18845410736822 87.122664332466996
894.75539164352688 153.14610166069494
549.3568828605712 121.29145293384904
279.41661993320565 457.96402595144656
269.26042813370276 500.23324113959313
1196.1258202665506 721.29893137441422
1098.0050469632051 546.12959356584895
1117.8811402493984 515.86329998257645
1122.6141859145896 478.70577276401076
1083.3911361662722 579.10530997231035
1171.4036584586277 745.33792568121919
1199.2447435877655 747.12493829083292
1284.3776167621847 887.88551848337443
1231.8314968992888 883.23592462968202
1171.4917571760366 921.15922512851762
1048.6879370556915 1112.0030964741743
1022.6388253370505 1109.2676926670536
652.72668433805927 125.35165889343773
606.54547577382982 144.18782557534121
726.34955770255806 118.45524342375806
815.83789380732537 182.83567341571444
889.3105994756902 251.38921390165919
512.02283509109509 159.02737016431252
577.66394000937635 191.60360912651402
317.64152816941242 518.3900021920017
303.47230433654295 588.60075442686025
1138.358462670926 756.90811811647495
1160.9014703429548 713.35624238408968
1051.6308591293277 535.3621241926129
1071.0813703452034 510.89982076539434
1020.7440276917567 556.33881751704951
1177.2344567903735 793.47371958744247
1164.0010200354841 977.81879513407239
1129.0700807780752 943.84418930579204
1088.4433175965594 1069.0011732414353
1020.3084228138175 1071.9761445279437
660.83517004402177 195.73005123245363
735.84905041074092 223.94070837484563
806.28992150936642 267.37503145040176
863.54471858852799 338.81063033051601
519.70903196512893 237.39325450656148
601.18447182104228 262.16762618502094
360.18899348286482 554.78617689161899
366.52852804768844 584.23426014111101
340.8524585168314 617.51806466154562
1125.1039946629278 802.78121702647206
1100.7791866434038 786.12698212185387
1093.2108877498247 732.4110138553923
1011.8583275083766 490.14691915498332
881.03175524259268 385.88120629747567
943.29492960607945 429.64200246700585
961.58098672424501 531.79780142150901
1150.4089826418842 879.22433687674322
1122.1384743485298 926.98009656933277
1097.5164273001437 961.27129758071294
1034.7292778946946 996.18272327985301
669.77370915552365 283.71518776040057
738.6553339505175 294.68669201317562
786.10817916568317 341.00592270189179
826.31661513041922 384.09577961252535
834.75532658103225 436.26298601105742
563.4439784409858 321.93515552456859
620.10074345449812 340.07774091807732
413.25522984566862 546.6962862881652
408.38273188839617 605.49067790457991
1085.901861756387 831.59820851947552
1019.7416346480017 791.02109093281877
938.88460271535541 492.06687907780417
888.17783396551113 457.95413431191128
932.68228407222807 531.89483721926581
843.97247770242939 486.88181983100259
1095.0469966137655 883.42632074440871
1087.6031609494842 916.35813796585785
1058.128439323531 925.40131820805664
1064.1823120373874 861.24544051748808
699.96478350789619 373.55606415986995
766.14309607426026 418.51815272168568
787.11398394087382 485.03483327797318
556.83678374689373 384.27103743511299
496.88803378313804 470.97079388455381
629.61135735671292 414.75403544064739
491.63547821222892 534.53322639646137
472.4104393661396 570.77767057912013
523.99707524401811 514.61625499763841
1031.2516347025266 839.5986528240403
979.7248557587011 822.40363851118093
959.2753087567562 568.58006003793435
885.3804824281292 515.83411017499714
911.65897447838381 565.16685347404666
998.38941318400134 646.90002785790193
992.9812185268014 756.92122857772472
823.13024530293944 538.63242242726528
1065.1854671614501 884.71165672677876
1040.3669578310685 868.28429569896502
761.34361287204842 545.10653122504323
693.33914511253295 484.80708745178504
585.00870729594635 480.94261291015431
559.66102983469762 531.25959959006889
553.3515841555153 565.7499892269326
510.51102450929 548.82723288526552
532.1894710727139 546.47653558341744
1003.8360073895352 860.50795007908016
967.64268884498642 851.57127078321423
970.77297869941447 812.26437929231008
954.46971646098609 833.96175980768226
921.22922319564395 624.77942982036143
859.72757393916186 584.74583011767459
934.88816640839082 690.64077820184184
923.43017836385218 752.52218467541684
787.39296639890506 606.87998820454777
1034.8256926662591 900.93863168544965
703.75911449625039 588.80600028675258
614.82486464082081 568.70436364071691
547.20415694273879 613.92148422265632
512.7413374532448 567.50255356795753
964.63962562676295 887.48330785568248
939.47091440423878 855.69271288768755
916.47033340379028 810.96088864400281
854.68448552394818 690.83747530229573
864.17858327972567 771.46291898548236
748.09908449259183 676.74268821654618
974.22513335629969 946.11518671990643
666.25794223587718 654.78920196264357
594.29482122086029 661.29796790027524
524.75358470689594 658.95832799044695
486.14368802309332 614.20791949157194
891.16915080356341 892.23804506986448
851.62820222433481 823.9125156830487
793.88574555608659 769.09934022098287
702.76751150772043 744.12904252334852
877.07705460275236 1001.1935223638764
808.24556637525666 1077.8244286342922
621.66402464927182 738.64638150555493
537.18257595721821 719.86718528473
458.94268139056879 685.49708305300067
818.73022920227334 942.96736433210617
791.46609966356061 871.31287651419757
660.21312810285576 798.79843430991559
720.83722787828378 823.25695001540134
794.92121725227662 1007.0559498163088
765.14825981836623 1053.185754030595
751.92447178927671 1100.9877684043036
610.85663549116896 801.16804882104861
565.93026573728503 781.08735623436166
484.7181015996461 772.65086184421091
623.79998404328239 836.71235758410126
754.05684415187352 948.8198053490222
709.95529782850917 898.89611492895824
660.73125152566081 861.92627977471045
736.0166262844175 1018.7224965988931
734.63341739060354 1061.3381266991769
721.46610128036298 1088.019350984106
584.4320552576354 835.45534541153938
542.45022583704747 834.1976243031994
602.76684983909161 886.21367960329201
689.23440102590519 976.95944114200813
645.22708336779976 929.60803520567322
689.04883639941943 1052.1384559973978
560.12673416371206 876.18568530038863
559.50965116247539 905.16000791279134
584.08869933603785 942.19819834661291
624.58600065159396 1011.4544974384575
523.8300836152207 890.35386678823716
541.93692710855612 867.22407115969804
343.16578758059171 740.86099673761294
302.93694621803826 746.01766258975988
489.77307470986494 896.3063194337268
526.73588885831487 930.84860952542601
545.70666854407318 989.9044954131133
488.18429353122355 831.47094630048605
457.58562741103026 871.05030941021005
408.24171485621491 777.66650333967937
334.44155033251172 790.1431146458566
282.07789090494271 779.68105404646826
462.38188312047276 904.77327020642383
485.35998972847551 953.15242511062684
434.87571995333377 880.09693126083243
425.34385398608066 846.34049326374725
421.10074295912756 898.87107365377392
368.3863417301182 835.66601521432028
298.08123376891621 829.73771753872131
441.52792896270637 908.91459112587313
424.62944231362439 911.82487494035718
444.19805737173692 921.99971333876613
394.9578356111748 882.14207290247941
408.72444759167678 910.94280549737687
350.52532078844717 889.13890935439281
414.82694249040458 925.82395093302966
437.64216084844503 918.40450368888094
484.37465330107864 1129.9833612375164
384.1655727684431 933.88159234748753
416.13256945448279 951.28961543899254
20.3027435919245 970.76846813966051
45.749233884603086 981.8136329062371
205.99479874668367 754.57113671006539
449.71861263662811 986.54619343083516
479.6151796996192 1071.2163212545343
457.79443915578116 1103.376872438487
466.75614919259021 1149.3320208949697
399.38313261572392 986.30988422806649
383.08217381557938 964.29222449594818
4.3906130628027205 933.55502359767343
40.224175298857467 953.00580205101016
16.445393498204055 903.45499951282238
67.320666430437313 961.47197785058802
212.53999665418334 769.33963046174028
231.16540346688865 753.23872483022922
207.79916181079341 783.57586996029181
189.83923956422504 773.90642939465351
419.76423370164707 1051.1485511630679
430.10038707242245 1120.0208797047605
366.49487821494967 1007.6562987805212
359.92659066394208 982.90332371164664
40.532423932506255 926.13669602994651
62.180716341215373 943.59970696067398
40.73258597359716 899.29781837990413
86.606334500301614 943.26869430367174
229.21598749677736 778.60155342485268
250.96193646052458 772.59429559509647
217.14784402835255 796.593516009415
192.59834670248435 799.94089521431715
359.67110847338188 1048.9754785740006
328.08694478562717 972.61040580522695
78.060304039604262 921.92778630427392
132.19115427951704 943.17476804764817
280.72605108907817 926.61195675772331
249.31050738028651 806.30370927473086
214.19612694542599 819.8231019935489
244.67260621971678 851.09212556231773
230.87939354357994 956.92829001309747
141.68679382158874 931.34077506479071
211.05810059838166 910.0441136642113
226.53556132875661 882.69296212170934
221.77069562054606 848.62918994307847
176.47213352221371 919.06359817477119
186.11650002914047 893.37430489673625
209.99989952273472 874.79019563407564
161.81783682640238 886.54599177112323
170.29287572687869 871.57077745160768
134.04033405902996 847.57137315449609
137.29908590478829 844.78368679218249
126.92044988070518 835.99606253341585
104.89585949947879 838.49042193014816
74.900033465786564 842.83160639102016
122.19981792063385 811.77233617010165
134.39567773741408 819.27649420434363
105.07603217893529 816.65028634422606
83.683025349072523 817.23312959412078
60.356518438530145 820.28691330269282
115.16691243715206 797.81561266976973
135.6631834853998 795.39198260094361
95.244092876637751 791.39414419109289
64.988569594008112 786.31303248560369
117.66499329236503 773.93535353081325
87.406732095606856 768.70079535119589
elements
649
6 0 7
0 1 8
7 0 8
1 9 8
2 4 13
3 2 14
14 2 13
3 14 15
16 3 15
4 17 13
18 5 19
20 19 5
5 21 20
22 6 7
23 22 7
7 8 23
9 24 8
8 24 23
11 10 25
10 12 25
11 25 26
26 27 11
12 28 25
17 29 13
14 13 29
14 29 30
30 15 14
31 16 15
31 15 30
17 32 29
33 18 19
34 33 19
20 34 19
21 35 20
20 35 34
39 22 23
24 40 23
39 23 40
25 28 41
25 41 26
42 27 26
41 42 26
28 43 41
32 50 29
50 31 30
29 50 30
32 51 50
54 33 34
35 55 34
54 34 55
37 36 59
36 38 59
60 37 59
38 61 59
38 62 61
40 64 39
63 39 64
65 42 41
65 41 43
43 66 65
45 44 67
44 68 67
45 67 69
69 46 45
70 46 69
47 73 74
49 48 75
48 47 76
75 48 76
76 47 74
77 49 75
78 49 77
51 79 80
51 80 50
53 52 82
52 81 82
53 82 83
84 53 83
85 54 86
55 86 54
58 56 87
56 57 87
57 88 87
57 89 88
90 58 87
92 60 59
59 61 92
93 92 61
61 62 93
91 63 95
64 96 63
95 63 96
97 65 66
66 91 98
66 98 97
68 71 99
68 99 67
99 69 67
71 100 99
101 70 69
99 101 69
71 102 100
72 103 104
72 104 105
106 72 105
73 107 74
107 108 74
77 75 108
75 76 108
76 74 108
78 77 109
108 109 77
114 80 79
79 112 114
115 114 112
81 116 82
116 117 82
117 83 82
118 84 83
117 118 83
113 85 119
119 85 86
86 120 119
121 90 87
121 87 88
89 122 88
122 121 88
123 90 121
98 91 124
91 95 124
93 125 92
94 92 125
126 94 125
96 126 127
96 127 95
127 124 95
102 97 128
128 97 98
128 98 124
100 102 129
130 101 99
129 130 100
100 130 99
102 128 131
131 129 102
104 103 132
103 133 132
104 132 134
104 134 105
134 135 105
136 106 105
135 136 105
107 137 108
138 109 108
138 108 137
110 111 139
140 110 139
111 141 139
111 142 141
112 113 143
112 143 115
143 113 144
113 119 144
145 115 143
146 114 115
146 115 145
116 147 117
148 118 117
148 117 147
120 149 119
144 119 149
120 150 149
122 151 121
123 121 151
150 123 152
152 123 151
125 153 126
127 126 153
153 128 124
127 153 124
131 128 154
154 128 153
155 130 129
155 129 131
156 155 131
156 131 154
132 133 157
132 157 134
133 158 157
159 135 134
159 134 157
160 136 135
159 160 135
137 161 138
161 162 138
163 140 139
163 139 141
142 164 141
164 163 141
143 144 166
143 166 145
149 166 144
167 146 168
168 146 145
168 145 166
147 167 169
147 169 148
149 150 170
149 170 166
150 152 171
170 150 171
151 172 152
171 152 172
154 153 173
156 154 173
174 155 156
174 156 173
158 175 157
157 175 159
176 160 159
175 176 159
161 177 162
179 162 177
181 163 164
164 165 181
165 180 181
184 169 167
184 167 168
184 168 166
166 170 184
172 185 171
170 171 185
170 185 184
172 186 185
173 188 189
173 189 174
175 191 176
178 176 191
179 177 192
177 193 192
193 178 191
180 179 194
192 194 179
195 181 180
180 194 195
182 183 197
196 182 198
198 182 197
197 183 199
204 184 185
185 186 204
186 203 204
187 190 206
188 187 207
187 206 207
208 189 188
207 208 188
190 209 206
205 211 210
193 191 212
212 194 192
192 193 212
213 195 194
194 212 213
213 214 195
196 198 217
202 196 218
218 196 217
199 200 219
198 197 219
217 198 219
199 219 197
200 201 220
219 200 220
201 221 220
202 218 223
223 222 202
224 204 203
225 204 224
227 205 210
227 210 226
206 209 228
229 208 207
229 207 206
229 206 228
209 230 228
211 231 210
231 226 210
212 232 213
214 213 232
233 214 232
215 216 235
234 215 235
218 217 236
236 223 218
219 236 217
219 220 237
219 237 236
221 238 220
220 238 237
221 239 238
240 222 223
241 240 223
241 223 236
224 242 225
242 243 225
244 225 243
226 231 245
246 226 245
247 227 226
246 247 226
248 229 228
228 230 248
230 251 248
245 231 252
253 233 254
232 254 233
254 232 234
235 255 234
255 254 234
256 241 236
256 236 237
238 257 237
256 237 257
238 239 258
238 258 257
239 249 259
239 259 258
259 249 260
261 240 241
262 261 241
262 241 256
242 263 243
263 264 243
264 244 243
245 252 265
265 246 245
265 266 246
266 247 246
250 248 267
267 248 251
249 250 268
249 268 260
268 250 267
251 269 267
260 268 270
252 253 271
265 252 271
271 253 272
272 253 254
255 273 254
273 272 254
274 265 271
275 262 256
257 258 275
257 275 256
259 260 276
259 276 258
258 276 275
276 260 277
277 260 270
278 261 262
278 262 280
280 262 275
263 279 281
282 264 263
281 282 263
283 281 279
284 265 274
265 284 266
285 266 284
268 267 287
269 287 267
268 287 270
269 286 288
269 288 287
287 291 270
277 270 291
273 292 272
272 292 271
271 292 274
292 293 274
274 293 284
277 291 294
295 280 275
295 275 276
276 277 295
277 294 295
279 278 296
279 296 283
296 278 280
296 280 295
283 296 297
299 282 281
299 281 283
298 300 297
300 299 283
283 297 300
285 284 301
301 284 293
302 285 301
303 285 304
304 285 302
286 289 305
288 286 305
287 288 306
288 305 306
287 306 291
289 290 307
305 289 307
290 303 308
307 290 308
291 306 309
291 309 294
292 310 293
293 310 301
311 295 294
294 309 311
296 295 312
312 298 297
312 297 296
312 295 311
313 298 312
314 299 300
313 314 298
314 300 298
310 315 301
302 301 315
304 302 316
316 302 315
308 303 317
303 304 317
317 304 316
305 307 318
307 308 318
305 318 306
309 306 318
308 317 319
308 319 318
320 311 309
309 318 320
310 321 315
322 312 311
322 311 320
322 323 312
312 323 313
324 313 323
325 314 313
324 325 313
315 321 326
315 326 316
317 316 326
319 317 327
327 317 326
319 327 328
318 319 328
320 318 328
320 328 329
322 320 329
321 330 326
332 323 322
329 332 322
333 324 323
332 333 323
334 325 324
333 334 324
326 330 335
326 335 336
326 336 327
328 327 336
329 337 332
328 336 338
328 338 329
338 337 329
330 331 339
330 339 335
339 331 340
331 341 340
342 332 337
343 333 332
342 343 332
344 334 333
343 344 333
345 342 337
336 335 346
335 339 346
336 346 347
336 347 338
347 348 338
348 345 337
338 348 337
339 340 349
339 349 346
350 349 340
350 340 341
341 351 350
352 343 342
345 352 342
353 344 343
352 353 343
354 352 345
354 345 348
349 355 346
355 347 346
355 356 347
347 356 348
354 348 356
351 357 350
350 357 349
357 355 349
358 353 352
358 352 354
358 354 359
360 359 354
356 360 354
357 361 355
355 361 356
361 360 356
362 358 359
363 358 362
362 359 367
367 366 362
360 367 359
361 368 360
360 368 367
369 363 362
362 366 369
370 369 366
364 371 372
365 364 372
372 373 365
366 374 370
368 375 367
366 367 375
366 375 374
374 376 370
371 369 377
376 377 370
370 377 369
371 377 379
379 372 371
380 373 372
379 380 372
381 378 376
374 381 376
378 381 382
375 383 374
383 381 374
384 377 376
384 376 378
379 377 384
385 384 378
385 378 382
386 380 379
384 386 379
385 382 387
388 387 382
383 388 381
388 382 381
390 386 384
390 384 385
387 390 385
388 391 387
391 390 387
388 395 391
396 389 397
397 389 398
391 395 399
400 390 391
399 400 391
393 392 402
392 401 402
404 393 402
405 394 406
408 394 405
407 408 405
395 396 409
409 396 397
399 395 409
410 409 397
398 410 397
411 399 409
412 400 399
411 412 399
401 403 413
401 413 402
414 404 402
414 402 413
403 415 413
416 404 414
407 405 417
406 417 405
406 418 417
417 419 407
420 408 407
420 407 419
410 421 409
409 421 411
422 412 411
421 422 411
415 423 413
416 414 423
423 414 413
424 416 423
418 426 417
417 426 419
426 427 419
427 420 419
425 422 429
421 429 422
424 430 429
430 424 423
425 429 431
428 425 432
432 425 431
432 433 428
428 433 426
433 427 426
429 434 431
430 434 429
434 435 431
436 433 432
436 432 431
435 436 431
434 437 435
438 436 435
435 437 438
437 439 438
439 440 438
439 441 440
439 442 441
445 440 441
444 445 441
441 442 446
441 446 444
442 443 447
446 442 447
443 448 447
449 444 446
450 445 444
449 450 444
449 446 451
446 447 451
448 452 447
452 451 447
453 450 449
453 449 451
452 454 451
454 453 451 
