nodes
1587
-178.000000 100.000000
154.000000 72.000000
166.000000 81.000000
184.000000 98.000000
178.000000 90.000000
190.000000 106.000000
186.000000 117.000000
182.000000 128.000000
-174.838401 112.646395
-164.000000 88.000000
-152.091553 81.053406
-140.000000 74.000000
-153.926077 108.390441
142.000000 72.000000
152.260223 86.366792
161.182514 96.756389
170.750710 111.695817
170.000000 130.000000
-172.272296 122.910818
-170.000000 132.000000
-157.664204 125.709512
-144.163816 132.968327
-128.000000 74.666667
-136.935599 120.558582
-135.121691 93.184667
-126.317885 110.585595
176.000000 163.000000
166.000000 150.000000
162.000000 141.000000
130.000000 72.000000
137.763423 87.794815
145.652680 102.162924
152.604658 116.828080
158.000000 132.000000
-160.000000 136.000000
-149.766977 145.339239
186.000000 176.000000
-138.016049 153.565276
-131.890740 141.530274
-125.082266 130.495132
-116.650093 91.845868
-116.000000 75.333333
-118.655724 120.405560
-114.541399 106.175487
-112.711293 115.804412
169.294448 181.103702
162.517175 168.529635
155.471129 156.659319
149.520334 145.636254
117.000000 77.000000
143.867866 134.249281
123.690237 92.180159
130.661542 107.028310
137.584871 121.206976
104.000000 82.000000
26.000000 94.000000
90.634625 84.004806
33.663777 92.789930
77.269320 86.009602
50.854917 90.075539
64.000000 88.000000
41.075917 91.619592
190.000000 190.666667
-166.000000 148.000000
-175.586768 157.586768
-186.000000 168.000000
-156.659711 158.588161
-144.198013 166.822867
174.356951 194.258352
-131.290317 173.065299
-126.008975 160.854557
-104.000000 76.000000
-120.199368 149.499931
-114.100119 138.782184
-108.332201 128.649638
-102.520031 106.744257
-102.858372 92.486384
-103.906538 118.520723
159.709628 197.638027
155.003298 185.459997
149.268159 173.571878
143.058399 161.973595
136.863424 150.529267
130.540156 138.869738
109.197148 96.920387
123.309945 126.426975
115.524470 112.477358
-2.000000 106.000000
13.651571 101.731390
20.000000 100.000000
5.961388 103.828712
93.775405 100.675747
27.816531 101.651959
77.821043 102.246665
37.133504 102.786067
62.588109 102.566023
48.799369 104.180268
194.000000 205.333333
178.127302 207.688304
-186.662174 183.892174
-167.686901 175.955878
-149.996909 181.904646
-135.679456 186.197904
-122.867557 189.982436
163.226758 210.017037
149.464073 212.248983
-111.391908 193.488695
-119.178754 178.381563
-108.076756 183.395776
-114.380994 167.516551
-108.710420 157.056344
-89.000000 79.000000
-74.000000 82.000000
-20.000000 90.000000
-62.000000 86.000000
-33.903889 90.000000
-50.000000 90.000000
-88.494510 95.037662
-102.623559 146.585186
-96.772967 135.677774
-91.750475 123.684680
-89.065620 110.140676
-15.805318 98.389363
146.178104 200.785815
141.788438 189.481683
136.402393 178.293344
130.366159 167.050945
124.182257 155.616497
118.019899 144.183624
110.566860 133.089324
97.755319 120.454821
-12.000000 106.000000
-8.419006 111.781818
0.001270 112.404628
11.289851 112.124009
21.564476 107.804358
77.299255 119.072502
29.710435 112.922610
60.084612 117.678732
44.124589 115.267255
133.634630 203.721378
198.000000 220.000000
180.659360 221.132636
165.520515 222.476860
-187.323957 199.774978
-169.982719 197.499876
-153.551197 198.104834
-138.671539 200.076233
-125.315454 202.272559
-113.359084 204.295383
151.626762 223.823603
136.728598 214.335173
138.743065 225.102041
-102.887029 205.979390
-101.341390 196.760152
-92.966761 199.789122
-98.180485 188.274262
-103.452701 173.943794
-93.586457 180.333064
-97.592508 164.691918
-90.456038 155.002913
-73.157950 98.610610
-57.520613 103.429881
-28.634847 99.872124
-43.969961 102.507679
-73.146307 115.145324
-83.338611 143.768516
-77.116165 130.526390
-21.922610 109.307176
129.499996 193.323228
122.034876 206.400181
118.082801 196.916349
117.444308 172.366389
123.922562 183.037183
110.983869 160.776115
105.830543 148.875526
103.161924 141.282792
91.320461 138.876694
75.063750 135.900918
-13.487764 119.048188
-0.789368 123.862922
19.173598 124.064746
56.559501 133.947135
38.040203 129.882474
111.154099 208.773714
124.874068 216.262300
113.820948 218.066118
197.333333 234.000000
181.498880 234.442116
166.549582 234.949969
152.664568 235.470334
-188.000000 216.000000
-171.358738 214.279742
-155.302039 213.854899
-140.306514 214.397651
-126.526000 215.251462
-114.008758 216.007560
-102.823208 216.320900
139.749153 235.996875
126.778146 226.301003
127.734705 236.481398
-93.125177 216.172493
-94.182125 207.622050
-88.249081 208.312964
-89.563031 193.634077
-85.877186 203.618061
-84.508133 197.659445
-84.058282 186.921064
-85.935308 172.074356
-80.472615 181.202283
-75.850813 164.573755
-68.965109 153.860202
-54.541188 122.565619
-34.457090 114.738536
-60.504723 139.723441
-21.438511 125.387720
111.898875 186.836234
106.266106 200.256132
105.034311 192.544208
100.771317 211.067033
96.985885 201.966324
96.158741 166.624498
104.575462 178.935447
91.818761 151.931853
73.773197 153.377094
52.975746 151.504091
-5.901094 133.776551
12.243971 140.460273
32.104432 146.835143
103.473600 219.868495
115.638695 227.450930
105.257429 228.614544
196.666667 248.000000
181.216643 247.673272
166.491219 247.418299
152.687353 247.200747
139.811731 246.970418
-188.673019 230.806425
-172.111925 229.675527
-156.056699 229.039112
-140.869839 228.888523
-126.686854 228.923582
-113.551391 228.794037
-101.464827 228.127559
-90.393720 226.490861
127.803547 246.737782
116.548724 236.960151
116.621064 246.531055
-80.042736 223.774761
-85.091371 214.242044
-78.549086 208.697577
-74.800178 194.481868
-66.791139 180.285542
-53.288484 166.115795
-42.523282 151.261249
-33.904844 139.668890
93.888540 221.806173
-14.308673 147.844261
90.488088 213.976662
93.416623 188.404310
85.429835 205.884070
82.974043 199.558002
75.426996 175.512816
48.640040 170.938297
25.723915 164.898371
4.658836 157.188040
95.591106 229.825805
106.119391 237.479857
96.353263 238.069275
196.000000 262.000000
180.055291 260.833006
165.461290 259.894591
151.773834 258.994491
138.944074 258.081586
126.959818 257.158283
-189.336427 245.401386
-172.321177 244.518440
-156.036635 243.966326
-140.638776 243.668459
-126.065698 243.349379
-112.319382 242.770978
-99.290750 241.529262
-86.897407 239.344515
-74.849115 235.900505
192.666667 275.333333
115.804879 256.272782
106.199912 246.406706
105.436634 255.500371
-62.041660 231.733003
-69.841062 218.354673
-58.999683 208.949185
-47.335602 194.902068
-35.462418 179.130088
-24.146191 163.140010
81.365294 217.486552
84.649972 224.235013
86.101937 231.273957
-4.421343 174.352284
73.338142 207.045507
66.854334 196.650281
41.843827 192.125511
17.684501 184.253925
87.085362 238.706095
96.439972 246.424276
87.205722 246.647458
177.842012 273.893222
163.552134 272.419771
149.998358 270.962109
137.213308 269.426750
125.241951 267.838800
114.113584 266.272020
-190.000000 260.000000
-171.640417 258.976692
-155.313325 258.903920
-124.961460 258.632714
-110.543515 257.773471
-139.870901 258.933836
189.333333 288.666667
-96.633529 256.279103
-69.845706 250.334053
-83.106432 253.866736
-56.816299 246.097978
-46.213887 242.729020
174.993957 287.016521
103.825028 264.819900
95.769084 254.931803
94.329212 263.593345
-41.749701 227.397973
-28.708171 209.898546
-15.436020 192.251604
73.005447 221.372283
69.016468 215.850455
78.012427 226.114688
75.911443 233.110937
77.141948 240.180869
7.084723 204.951614
58.845487 215.507026
34.160383 217.532262
77.890127 247.961504
86.436953 255.040222
77.351439 255.620637
160.966495 285.209383
147.481002 283.222376
134.702442 281.170473
122.684469 278.910236
101.312546 274.481083
111.542377 276.648421
186.000000 302.000000
-184.964349 271.078431
-180.000000 282.000000
-167.228376 272.261332
-154.273318 274.216608
-93.887659 272.551756
-138.751151 274.764401
-108.615577 274.043795
-123.569598 274.760935
171.831299 300.380607
-79.264491 270.108390
-50.692386 260.718232
-64.695314 266.342979
-38.203499 252.439793
-26.285458 240.716816
157.902968 298.382976
92.031145 272.417927
85.497008 262.779072
83.410117 271.679773
-7.109269 227.883201
64.050024 230.209741
65.723155 242.482844
70.793822 249.135215
16.445095 236.708421
46.038935 237.816878
31.078961 248.410061
67.614780 256.259924
76.427570 263.697579
67.346740 264.639143
144.403856 296.083954
131.503952 293.500460
119.365014 290.796811
88.433470 282.333128
108.082975 287.845200
97.793375 284.667204
182.666667 316.000000
168.461843 314.130594
-180.660303 298.507577
-181.330154 315.253844
-182.000000 332.000000
-166.510161 284.884905
-165.638772 304.146883
-75.701137 288.047368
-153.311351 290.231564
-91.381026 290.236556
-138.219787 291.773767
-106.849050 291.579252
-122.358486 292.109728
154.445598 311.952279
-59.286162 284.540260
-4.767927 245.702626
-27.587764 267.124907
-42.521003 278.045505
-14.727896 254.711317
140.800386 309.406129
80.232284 280.241845
74.296190 271.670954
74.876855 277.621877
7.876098 250.342802
54.818780 252.511439
19.913790 260.737736
39.569295 261.328150
29.089848 266.909308
56.236591 267.995031
67.562843 273.137323
60.652709 274.248332
127.698859 306.509607
115.290957 303.277134
75.676463 287.472831
83.600963 292.262259
103.714952 299.654935
93.091053 296.233686
179.333333 330.000000
164.943810 328.292600
150.726900 326.133733
-55.175256 305.252653
-73.106429 307.387647
-173.665373 345.891044
-165.630575 326.862980
-151.745822 307.232808
-153.364275 321.440296
-89.563534 309.016670
-138.424210 310.024946
-105.622903 310.243926
-122.178399 310.876151
136.831967 323.481318
-31.772366 301.721192
-2.340004 266.617404
-14.245937 282.378889
123.411718 320.371239
67.872650 282.146684
12.168745 275.289527
44.507837 276.368537
28.457307 278.840266
57.525586 281.755704
110.589595 316.776727
98.486211 312.591159
64.370089 290.950108
77.165096 302.932220
69.160608 296.439601
87.237902 308.379554
-10.882731 314.781706
176.000000 344.000000
161.283366 343.046407
146.845325 341.046524
132.617984 338.393526
-19.442976 334.377817
-36.719847 328.069702
-54.819208 326.638988
-72.081155 327.080962
-165.335050 359.774917
-88.483897 328.104588
-153.428587 344.855554
-141.258347 332.160742
-104.690873 329.357679
-121.786686 330.642372
178.000000 446.000000
178.000000 474.000000
178.000000 460.000000
118.818938 335.223782
4.365133 296.393973
11.537819 312.416338
105.446169 331.441715
55.696778 292.369920
25.065697 295.968454
42.148777 295.659757
92.577645 326.906584
80.304956 321.812013
59.540526 305.334787
68.676707 314.939320
-3.941377 342.869759
3.563838 324.516289
0.515992 353.876577
172.000000 360.000000
157.484926 358.664662
142.939396 356.779987
128.451376 354.273050
114.127822 351.094263
168.000000 376.000000
164.000000 392.000000
-5.071593 360.982566
-13.252172 356.391311
-25.679356 351.329953
-40.483643 347.748882
-56.225635 346.290278
-72.165073 346.048369
-158.000000 372.000000
-87.984235 346.740305
-146.907682 364.106625
-103.820559 348.095727
-133.845952 356.621530
-120.181308 350.078240
174.000000 487.000000
157.965245 484.784628
163.000000 409.000000
170.000000 436.000000
162.000000 426.000000
162.832449 450.782395
156.933026 466.985880
144.854988 474.309772
144.930906 484.105403
100.131928 347.317284
22.944688 314.270187
16.991275 331.079396
86.348653 342.748605
42.948183 317.258525
72.696881 337.370532
58.661838 329.801361
9.285504 355.110156
11.458007 342.654328
3.542187 365.035101
0.443925 374.228315
153.778230 374.967428
139.195009 373.322360
124.417357 370.963086
109.672510 367.936622
94.929981 364.284157
150.651059 392.030850
148.760958 410.594789
-7.990067 372.158470
-18.004503 369.461307
-29.866065 366.798320
-43.303519 365.081846
-159.822804 382.329221
-57.741448 363.920157
-72.652434 363.737643
-87.777287 364.374601
-145.310200 376.638201
-103.043853 365.757986
-133.521199 371.436923
-118.527415 367.863777
170.000000 500.000000
155.784165 499.120379
142.135682 497.827831
149.343471 433.722282
141.318587 454.019288
135.041846 468.538614
131.247407 482.022149
128.917095 496.211348
18.607049 348.736360
80.256217 359.999579
31.437501 343.050622
65.305151 354.854086
49.612755 348.580833
-10.310437 383.617374
12.171006 368.849104
16.974481 358.973474
6.532450 375.520997
-1.073942 384.199345
8.932821 382.248656
135.839051 390.734238
120.657170 388.418729
105.368091 385.446321
90.140997 382.060038
74.677343 378.254130
133.087316 409.281332
130.090732 428.678993
-20.704324 382.523877
-32.375442 381.346046
-45.192920 380.422797
-58.850196 379.980033
-147.099883 390.262569
-161.874515 393.955585
-73.044660 380.113702
-87.583297 380.839739
-102.365282 382.172828
-132.267645 386.820975
-117.286951 384.179374
166.000000 514.666667
152.895445 513.453709
139.894618 512.136308
126.982965 510.735235
125.683073 447.163688
121.223835 463.729304
117.915560 479.244951
115.592265 494.430732
114.002459 509.472896
-21.993066 394.510118
-11.476932 394.351352
30.103254 363.193361
58.719359 373.899871
42.230783 368.476209
-1.795532 393.347866
21.209026 379.714114
7.168293 390.491908
15.224908 390.428814
101.484314 403.443124
117.181467 406.524033
85.816563 400.228913
69.852162 396.961995
53.183233 393.657745
113.636150 424.890395
109.952900 442.890338
-33.574163 394.574154
-46.099915 394.642870
-164.000000 406.000000
-59.328256 394.864219
-73.045022 395.378929
-131.325391 401.349293
-146.849650 403.681347
-87.140230 396.268427
-101.583362 397.560265
-116.322413 399.252590
-161.532273 419.043698
-159.351044 430.573055
162.000000 529.333333
149.885638 527.911167
112.912724 524.168845
137.653232 526.504614
125.313289 525.194470
106.468713 460.119840
103.686468 476.712796
101.786933 492.875984
100.722721 508.604948
100.339849 523.689633
-11.523914 404.726820
-33.551867 407.229911
-21.937436 406.053488
-2.068194 403.091454
33.478253 390.296612
7.416013 402.331342
20.228028 398.388809
81.873218 418.492526
97.733078 421.588021
65.834967 415.491553
49.545100 412.817868
33.775686 411.009669
94.222589 439.586655
91.121659 457.277664
-46.049758 408.134327
-59.097288 408.908096
-145.596074 416.897968
-72.489081 409.803228
-86.199739 410.927103
-115.107917 413.724464
-130.124100 415.227245
-100.426881 412.289019
-143.612594 429.807409
-157.178852 442.054638
-140.928259 443.044217
-154.762991 454.824191
-152.408939 467.267035
-150.000000 480.000000
158.000000 544.000000
147.051782 542.327022
100.475846 537.668851
135.596034 540.697333
112.202930 538.144448
123.927582 539.240524
88.430390 537.931966
88.707082 474.698462
87.265061 491.825206
87.348562 523.884187
86.910433 508.380963
-2.408234 410.733016
-9.771735 413.816656
-45.102440 421.238823
-32.281961 419.636744
-20.367342 417.259158
5.552573 415.938045
19.828355 412.707341
62.177272 433.813199
78.322010 436.671061
46.114407 430.573184
31.189855 427.098919
22.611119 424.739941
75.214165 454.779569
72.823459 472.995285
-58.192109 422.305509
-71.287773 423.526109
-128.369458 428.908763
-84.602981 425.193536
-98.741530 426.903985
-113.502181 428.035985
-126.326817 442.358578
-135.100094 460.274422
-124.481785 453.030902
-138.318190 473.505850
-142.916877 488.094998
-152.000000 520.000000
-152.000000 534.000000
-152.000000 548.000000
-152.000000 562.000000
65.421190 546.999512
74.288668 541.801054
82.681773 550.182031
155.000000 559.000000
90.251940 548.732301
144.640173 556.668937
100.656494 550.052148
133.804350 554.556399
111.567767 551.234600
122.673925 552.702853
73.964188 521.595070
71.639408 491.369558
72.155901 508.867173
64.232880 524.421871
61.206855 534.071913
-6.004234 423.196726
-57.281085 435.308028
-17.073475 428.237653
-43.802867 434.768905
-29.914043 432.723274
-3.004696 431.293178
9.869128 434.019465
41.810021 448.750840
58.707608 452.146636
25.379474 443.010779
55.786898 471.060088
54.267453 490.900066
-69.241341 436.034657
-81.716624 439.107322
-111.636771 442.606996
-95.975540 442.301362
-152.000000 576.000000
-143.904463 507.856695
-112.484283 457.907396
-126.956904 486.391454
-118.643315 472.284006
-136.000000 496.000000
-138.776023 523.846012
-136.510246 557.112432
-137.548908 540.667420
-136.754041 572.698242
58.882472 542.853480
-152.000000 589.333333
57.030110 553.047123
65.157001 554.365272
72.472055 555.393542
79.489766 557.801758
152.000000 574.000000
90.867925 560.327612
142.932504 570.798373
100.418544 561.766047
132.280824 567.960278
110.692064 563.448218
121.392224 565.502223
54.735136 512.822095
49.111685 529.474160
48.603365 542.018853
-67.214168 445.213255
-57.506609 447.770131
-11.209600 439.811027
-42.762701 449.667498
-25.578528 447.407151
0.176212 451.586551
17.793368 462.047331
37.340619 468.094386
34.414598 488.984125
34.229415 509.442494
-75.060814 451.821192
-91.269254 462.789718
-137.399230 586.994438
-126.390483 515.237005
-101.700911 484.392903
-113.715094 501.672240
-121.127785 533.206316
-121.194275 570.961714
-119.690828 553.191394
-123.404073 585.772822
48.626219 551.833480
-152.000000 602.666667
-152.000000 616.000000
-137.522068 600.286052
-148.666667 631.333333
48.454214 560.210830
56.373158 561.709258
64.396529 563.521821
72.579979 565.551665
81.025145 567.875544
89.872333 570.215822
154.000000 589.000000
142.196108 584.537347
99.285820 572.499150
130.764407 580.717875
109.294106 574.907699
119.826688 577.615043
39.553764 551.561612
37.307048 541.953322
31.636005 553.035070
31.956890 527.348310
18.380036 523.951517
-62.146804 461.266378
-43.787446 467.332549
-17.705352 469.995657
9.302510 487.639581
18.551876 507.781337
-71.210497 477.904245
-82.348570 498.630134
-124.413054 598.131801
-97.658936 524.084562
-115.070089 596.676868
-100.511430 552.483631
-110.735850 587.463667
-105.173740 572.352074
40.868817 559.342539
40.591372 566.319892
-136.423192 613.447451
-133.974544 627.291586
-122.622273 609.852139
-131.053342 641.582767
-145.333333 646.666667
47.700076 567.722797
55.131585 569.573415
62.826287 571.793385
70.811128 574.293368
79.157141 577.001090
87.951779 579.821469
156.000000 604.000000
97.274700 582.716187
140.995037 597.433634
128.781055 592.787635
107.168110 585.747161
117.656900 589.047434
46.426172 574.626984
33.627603 559.384316
25.827452 555.979367
28.698503 559.763889
27.019476 544.942184
24.396294 535.839704
22.782037 551.546336
5.724214 513.794261
17.250553 534.323104
5.340454 523.703056
9.089927 533.173597
-27.244581 497.137781
-50.404786 488.104293
-5.610830 506.072000
-60.004811 510.622482
-70.505870 534.515572
-110.195092 604.439618
-79.702680 557.956988
-98.782757 594.392185
-88.679237 578.303681
39.650801 572.823706
33.912065 565.248922
32.413779 571.646614
37.867829 579.036278
36.269795 584.531591
35.244212 588.405998
-119.545426 622.779402
-116.677122 636.721420
-104.620009 617.108037
-114.280694 650.543481
-128.151736 655.539868
-142.000000 662.000000
53.422204 576.898732
60.734310 579.587376
68.438072 582.591704
76.597898 585.812570
85.270004 589.168923
150.642540 614.714919
94.497548 592.618034
137.907048 608.833251
104.308506 596.174236
125.861005 604.030654
114.736042 599.923205
44.579616 580.905884
51.023672 583.585934
26.731210 564.128737
15.986630 551.822899
20.294026 560.425522
15.943425 543.515749
-10.669641 530.656259
3.806573 540.603836
-35.984892 521.038381
-46.371906 545.276471
-58.916284 567.706184
-85.141767 608.571327
-71.425065 587.794287
42.218828 586.413851
30.872221 578.659857
24.278005 569.909549
25.205411 576.638495
29.715873 584.185156
30.768011 589.963560
38.680590 591.045606
33.981898 594.764331
-101.742253 632.118058
-100.338493 646.518600
-85.964380 629.037630
-98.835942 659.579970
-111.969355 663.542273
-125.253321 668.439379
-138.666667 674.000000
57.853695 586.800390
65.190350 590.388667
73.099302 594.212959
81.618818 598.167957
146.000000 624.000000
90.766556 602.181354
133.646066 619.108953
100.537027 606.214893
121.917715 614.559084
110.910774 610.300445
141.221798 632.959130
47.846993 589.592915
54.056817 593.456011
-70.743983 629.827026
14.142445 569.304443
0.152041 555.546815
-19.577331 559.156561
-39.699153 580.606508
-54.224304 598.080336
-64.957942 614.553803
43.748393 594.877173
19.227434 582.091433
28.269462 598.651621
22.478127 590.622644
38.490191 599.522942
32.680135 603.524354
28.193500 606.260508
23.227250 603.821850
-86.450148 643.905364
-86.046645 656.704940
-73.279190 643.156317
-84.716906 668.369555
-96.818927 671.600489
-109.347742 675.661276
-122.211918 680.527374
-135.333333 686.000000
60.932351 597.763260
68.537718 602.316452
76.890644 606.968003
85.990188 611.618827
128.555018 629.093372
95.814683 616.130358
116.943973 624.753758
106.216709 620.436516
122.203795 639.492549
135.732270 643.251993
130.000000 654.000000
123.347794 668.043547
117.754624 679.851349
112.000000 692.000000
-61.675287 643.883071
-51.792103 645.145950
-57.951252 633.070423
49.222822 599.565913
55.523283 604.807710
-51.083296 621.526810
10.763401 589.096469
-3.996180 584.087229
-25.022482 596.172550
-40.113312 609.146705
43.278229 605.026865
12.607922 598.932013
36.342102 609.348296
20.457437 610.703526
28.471653 611.564983
14.472870 608.586278
-73.926011 654.972874
-73.190574 665.923008
-62.858840 654.135780
-82.510781 679.333981
-71.376348 676.375130
-94.144566 682.864488
-106.252346 687.017093
-118.835618 691.872017
-132.000000 698.000000
62.798222 610.278450
70.995943 615.725004
80.043795 621.205940
90.130265 626.360968
111.212539 634.754651
100.707478 630.704905
105.919542 642.616604
111.227626 652.291876
107.477878 669.130411
103.132330 683.786001
100.132602 698.473126
-47.804608 636.005569
-42.856825 640.310655
-43.736256 645.980830
-53.086069 653.675879
-44.248842 653.010310
-41.422366 629.367635
48.728401 611.592627
55.551264 618.498784
-30.105358 621.171937
0.043353 603.202645
-15.138892 611.917987
39.888680 617.498311
6.971502 614.730126
29.126933 620.475427
17.354720 619.939470
-62.402260 664.067688
-60.775669 673.858338
-52.448051 662.438276
-58.319565 683.567630
-68.698721 686.515674
-90.764576 693.594325
-79.508821 689.838784
-102.521172 697.773921
-114.924951 702.294557
-128.000000 707.000000
63.814715 624.459600
72.390640 631.230401
82.957519 638.058534
95.734033 641.753793
115.000000 747.000000
116.000000 758.000000
114.000000 736.000000
98.649095 755.115767
102.000000 724.000000
95.581353 713.302255
92.585109 655.418533
90.884909 671.984480
89.599797 686.981061
90.000000 704.000000
116.000000 770.000000
-35.020343 645.687433
-36.251718 637.874798
-37.930858 652.198385
-43.049574 660.466426
-33.777060 657.546612
57.873993 631.815952
-24.259332 634.437461
45.976977 630.551264
-5.142017 628.818053
29.618590 633.064765
13.712304 633.151831
-50.670870 671.537385
-48.280138 680.915307
-40.859180 668.981143
-45.626267 690.167219
-154.000000 742.000000
-55.197983 693.153361
-146.131588 737.082242
-65.309329 696.425328
-138.000000 732.000000
-75.803162 700.018429
-98.022491 708.213196
-86.681243 703.966689
-110.052402 712.545171
-124.000000 716.000000
-131.394286 724.450613
116.000000 782.000000
62.128324 640.148235
101.545754 766.854534
88.479675 764.291937
72.367701 654.475691
97.540843 738.307860
88.613671 752.518947
88.539643 742.249196
85.604747 725.208095
80.058497 710.145950
73.335358 675.987223
75.669390 694.099054
76.875343 762.816950
76.833340 750.885343
99.936769 778.500943
-24.651242 650.042565
-30.651795 665.453527
-23.453959 662.051596
47.565865 645.557980
-6.964786 649.650707
30.101696 649.081368
11.555881 650.341602
-38.207940 678.422445
-36.052322 688.059138
-26.008360 677.090717
-41.707809 699.184863
-35.154712 695.466369
110.000000 794.000000
-51.262031 702.749913
-152.000000 754.000000
-142.073002 747.034132
-61.417424 706.077920
-133.002149 740.997059
-71.570243 709.887360
-124.250834 734.607806
-82.034827 714.054551
-103.948584 723.183471
-92.834111 718.505095
-114.795068 728.370049
96.065677 789.805760
51.067175 662.706124
86.801854 775.339846
76.028780 772.221041
54.572151 682.035241
76.314476 734.864753
66.632855 719.099113
59.325393 701.539269
68.756494 769.888277
66.908640 762.342247
65.052270 750.750789
64.297527 740.676869
83.362672 785.725001
-47.408045 712.264339
-11.549755 669.212969
31.237367 667.776436
10.572385 670.141064
-25.211932 687.446685
-27.754344 699.179037
-10.880230 688.567641
-34.985726 709.842851
-45.393422 719.897195
90.732731 800.749712
104.000000 806.000000
-144.000000 1112.000000
-128.000000 1118.000000
-57.127171 715.410144
-147.920526 762.158947
-137.466959 756.473925
-127.445411 750.727490
-66.775804 719.505029
-117.695778 744.830293
-76.854454 723.917209
-107.805633 739.033352
-87.162150 728.607929
-97.563466 733.620821
78.414288 796.235176
34.141654 688.558201
72.322830 781.321988
63.451826 775.069485
40.472577 709.963492
50.133335 733.005140
56.750986 765.593830
49.248343 752.316549
66.747111 791.064631
-51.766594 724.447210
-37.331834 722.819121
9.520344 694.834366
-15.227679 703.379477
-19.022878 717.997974
-5.441802 707.177192
-27.408121 725.808137
-43.516061 736.062160
72.896475 807.293100
84.717598 811.203172
96.000000 815.000000
-150.000000 1096.000000
-123.000000 1104.000000
-150.000000 1079.000000
-61.298944 729.090402
-152.000000 778.000000
-144.000000 770.000000
-132.203026 766.043813
-121.479805 760.679460
-111.247305 754.952061
-71.326369 733.528311
-101.194941 749.202572
-81.220368 738.411232
-91.187500 743.652637
60.523728 802.353655
19.362558 718.151885
55.678648 784.118194
45.017805 772.716977
28.317737 739.233870
36.487703 758.043832
48.057272 794.912777
-56.037480 738.610732
-53.160514 746.358795
-44.368976 748.587716
-21.969315 742.158920
-3.932948 726.058121
-33.814533 752.100624
38.289079 826.375447
43.301659 822.557504
53.929649 815.979970
68.304395 818.965067
79.291757 821.640694
88.000000 824.000000
-118.000000 1090.000000
-128.093896 1070.864188
-111.333333 1078.000000
-150.000000 1062.000000
-149.170551 787.431497
-65.670617 742.756981
-137.639356 781.880979
-126.099162 776.507921
-115.012993 770.941194
-104.517076 765.062629
-94.445370 759.118159
-75.017457 747.866025
-84.642835 753.343510
35.761081 815.956704
41.891747 806.509599
32.575846 824.337369
8.492363 748.851522
32.129407 786.313447
20.094415 767.867971
32.551198 800.958173
15.415904 835.194512
23.837154 823.300083
-58.570841 752.405236
-49.853846 761.566893
-31.905941 766.361383
-11.123563 762.098738
15.539680 839.119684
19.342015 832.738847
25.105425 832.162283
32.196326 832.018525
39.120287 832.266531
46.513981 831.057432
55.755328 829.703261
66.081919 830.410908
75.624473 832.139392
83.750320 834.624201
20.190580 839.332677
-120.916354 1065.823226
-128.187165 1053.269693
-112.269208 1061.233206
-104.666667 1066.000000
-145.000000 1046.000000
-129.588237 1043.540205
-146.000000 798.000000
-131.643027 792.922221
-68.360938 757.119903
-119.288445 787.466938
-107.855295 781.544671
-97.222689 775.229721
-87.296495 768.818429
-77.843328 762.687699
11.582382 838.194418
11.672651 833.540792
22.398861 808.426613
4.505621 777.768059
14.480821 793.654703
13.951842 826.347774
9.459113 814.344795
-62.089792 766.133738
-15.563472 776.891018
-50.169992 774.322108
-58.479964 773.178530
-23.795548 779.622223
-39.176297 778.954753
-31.280970 783.508516
-7.891556 786.450413
10.691216 842.407039
15.118740 844.310652
20.142669 845.367606
25.934677 839.442202
32.538992 840.110104
39.679517 840.253057
47.471386 840.146131
56.090799 840.146098
65.158771 840.800242
73.720128 842.140762
80.000000 844.000000
25.932146 846.233752
-140.000000 1030.000000
-111.716653 1049.646053
-118.926544 1041.526346
-98.000000 1054.000000
-127.229620 1031.180277
-115.558978 1032.558063
6.528750 839.810984
8.552780 837.464531
4.810039 843.834759
-137.701922 808.851333
-124.288455 804.328080
-111.616369 798.949544
-70.872989 771.459648
-99.798972 792.620349
-89.057199 785.533002
-79.486023 778.235768
7.200951 833.903862
4.881373 827.621515
-0.005044 802.442902
0.598874 819.405782
-3.978653 812.593117
-63.322249 779.076430
-19.468378 791.343834
-42.677404 790.040714
-53.972499 784.947274
-30.807342 792.885714
-16.045026 801.878491
9.205417 846.630167
13.968230 848.851343
7.307175 850.851743
4.960212 854.532043
-128.852297 820.423919
19.214526 850.606864
25.107999 852.203857
32.458624 847.042830
39.640135 847.794459
47.461593 848.492566
55.890947 849.280345
64.717056 850.320693
73.530518 851.645304
82.031462 853.141579
31.681763 853.695605
-134.666667 1016.000000
-123.107503 1018.586758
-88.666667 1044.000000
-101.734457 1034.471541
-112.263827 1021.359821
-104.979172 1023.299464
-120.000000 832.000000
-119.000000 847.000000
-118.000000 862.000000
-112.000000 878.000000
-106.000000 894.000000
2.635277 847.722623
0.216093 851.294425
0.218109 841.058091
3.141259 836.634215
-0.894918 845.203602
-116.140167 816.578000
-103.104400 811.486661
-90.516359 804.623273
-70.537239 787.217854
-79.557844 796.138449
-1.627323 831.521883
-7.222006 823.996141
-11.839450 813.689453
-59.715400 795.596679
-29.759128 809.297249
-46.380702 802.994409
-17.994352 817.145646
12.176416 853.305929
17.513654 855.651786
-1.038622 855.020313
2.235526 858.082231
9.828934 857.654506
6.109618 860.664772
-108.659556 830.269591
23.476979 857.922062
30.138224 860.098426
38.915721 855.101149
46.779681 856.462154
55.243720 857.878322
64.273024 859.444393
73.883518 861.090375
84.000000 862.000000
37.480517 862.145031
-129.333333 1002.000000
-118.249023 1005.719082
-79.333333 1034.000000
-107.578431 1010.103333
-89.354750 1024.430485
-98.085898 1015.998131
-120.666667 972.000000
-124.000000 988.000000
-117.333333 956.000000
-114.000000 940.000000
-109.000000 931.000000
-103.530358 846.016412
-100.184008 863.306412
-97.649836 881.187925
-96.000000 899.000000
-6.386870 847.217078
-5.540133 855.992336
-6.321241 837.823548
-94.132619 825.998383
-79.376947 818.512801
-67.902590 807.265533
-17.646228 830.388528
-52.937808 818.010338
-35.442723 825.728145
15.086987 860.546173
21.041984 863.518314
-11.777204 857.887637
-1.992783 863.481678
4.190703 864.225764
-8.159894 863.637038
11.799996 865.003450
6.523095 868.796416
-86.186368 843.624216
27.826259 866.443945
35.376417 869.129516
45.443403 864.092316
54.008291 866.076802
63.279645 868.270977
73.566433 870.713236
86.000000 874.000000
43.496062 871.532221
-113.092159 992.237466
-70.000000 1024.000000
-101.609156 997.751548
-79.697197 1013.720827
-90.360708 1004.807285
-104.151226 963.136741
-108.307490 977.805351
-100.376902 949.688047
-104.000000 922.000000
-95.981367 938.583264
-90.307268 928.721727
-95.000000 913.000000
-82.100785 863.988570
-81.914830 884.699648
-86.000000 904.000000
-20.560262 848.122931
-63.527963 837.759785
-38.839570 844.073760
-24.426041 859.136382
-18.138315 865.293283
17.585228 868.831140
24.568451 872.748998
-9.935071 868.206122
-0.865201 871.583066
12.663947 873.632109
6.763370 878.643763
-60.886173 864.609188
32.467415 876.040908
40.938710 878.525025
52.083732 873.935379
61.304324 876.593002
71.624532 879.899543
83.122492 883.591693
49.407479 881.092942
-58.000000 1013.000000
-84.077550 945.249697
-95.334886 983.916169
-69.544006 1001.792155
-81.862608 991.381343
-88.458088 958.432418
-90.230545 969.227208
-77.809088 959.443126
-72.182187 952.201878
-82.841735 919.018114
-78.726070 935.270414
-72.103499 925.729375
-73.706882 907.886249
-60.876387 890.952142
-37.605587 863.338176
-20.680475 874.037378
-12.354773 873.768601
28.980845 884.509172
19.825181 878.823647
-8.093078 880.198106
1.341263 884.928739
13.633399 884.412396
8.161827 888.086604
-37.500721 887.490160
38.442697 883.891749
38.031609 889.136140
32.929217 891.158698
46.257706 887.475929
58.254829 884.304666
68.158164 888.372418
80.000000 894.000000
54.143556 891.207476
-58.718298 990.035787
-46.000000 1002.000000
-68.269551 941.390479
-72.351296 973.765609
-62.308557 958.424955
-58.205286 946.767176
-63.409305 917.021960
-62.410750 932.014168
-58.188880 925.840193
-50.883349 909.755180
-35.043027 904.987673
28.421827 894.253436
-19.025434 888.102162
20.576301 891.926086
-2.119313 893.984376
9.356972 894.686652
-19.191783 904.422520
42.439236 892.619416
37.296119 896.539309
29.531537 899.721783
48.782556 897.031679
63.040083 895.718606
73.201924 900.798076
56.304313 902.230339
-49.435268 981.627908
-55.905487 972.238755
-38.803091 991.718701
-52.932174 937.189741
-47.498189 950.645221
-51.376565 962.460144
-45.888015 941.920104
-32.000000 982.000000
-18.000000 980.000000
-45.687644 925.875217
-30.316499 919.394354
-20.213105 915.084477
22.208573 901.447975
-2.621343 908.555564
11.867146 904.364309
-11.687761 920.970528
42.146376 901.879044
34.337874 905.825150
25.806411 909.291187
47.949803 908.061100
66.000000 908.000000
54.060298 915.366144
-38.939611 969.317410
-36.925271 938.396594
-34.581017 951.588608
-18.000000 965.425079
-21.071930 932.330140
16.980891 913.444922
-1.543704 928.691797
7.905111 920.071772
-8.063482 934.979787
38.958571 912.945862
29.645124 916.878530
22.103531 919.354130
43.667740 920.856609
59.196909 924.137580
71.000000 918.000000
48.258958 929.515728
-18.000000 950.000000
-4.440249 944.627049
19.535789 928.802314
7.143962 937.975590
33.066866 925.443722
76.000000 928.000000
78.666667 939.333333
-11.000000 963.000000
-4.000000 976.000000
36.969782 935.402958
52.009737 940.066773
63.248513 933.961613
42.505293 941.373373
2.072607 956.417745
15.033398 949.234046
27.342213 941.476828
66.501539 944.663962
69.693023 955.602665
81.333333 950.666667
8.869906 968.857585
15.119694 981.043910
3.000000 989.000000
38.337431 952.901191
53.982507 949.703281
22.403544 961.722718
56.474086 960.315764
72.182922 966.608794
62.983427 968.768193
84.000000 962.000000
27.688198 974.833475
29.617478 984.553371
21.530118 991.388786
10.000000 1002.000000
86.666667 977.333333
44.601223 971.407006
59.065728 978.564157
73.057013 979.495318
39.234878 988.034963
30.337989 999.408988
19.333333 1009.333333
89.333333 992.666667
73.995350 994.583130
55.005393 996.448597
40.467294 1008.163446
28.666667 1016.666667
92.000000 1008.000000
77.121366 1009.905345
62.271748 1013.662258
48.868615 1019.339758
38.000000 1024.000000
80.873106 1023.998639
94.500000 1021.000000
67.559720 1027.586413
55.038535 1031.752448
43.333333 1036.000000
48.666667 1048.000000
97.000000 1034.000000
72.004548 1040.779723
84.386706 1037.379533
60.136602 1044.285215
99.500000 1047.000000
54.000000 1060.000000
65.604465 1056.209561
87.715769 1050.740295
75.829248 1054.095153
102.000000 1060.000000
91.594020 1064.009072
68.242511 1066.106487
62.666667 1072.000000
110.666667 1071.333333
78.683517 1069.312608
97.158576 1078.771960
85.441084 1080.213877
71.333333 1084.000000
128.000000 1094.000000
126.000000 1112.000000
119.333333 1082.666667
101.210116 1089.538896
80.000000 1096.000000
115.000000 1112.000000
101.155973 1101.048551
92.000000 1104.000000
104.000000 1112.000000
elements
1469
0 9 12 8
1 2 14 13
4 15 14 2
6 16 3 5
3 16 15 4
17 16 6 7
8 12 20 18
12 23 21 20
11 22 24 10
10 24 12 9
24 25 23 12
13 14 30 29
15 31 30 14
16 32 31 15
33 32 16 17
18 20 34 19
20 21 35 34
35 21 38 37
23 39 38 21
41 40 24 22
25 42 39 23
40 43 25 24
43 44 42 25
36 45 46 26
26 46 47 27
27 47 48 28
28 48 50 33
29 30 51 49
30 31 52 51
50 53 32 33
32 53 52 31
34 35 66 63
35 37 67 66
62 68 45 36
37 70 69 67
38 72 70 37
39 73 72 38
42 74 73 39
71 76 40 41
76 75 43 40
75 77 44 43
44 77 74 42
68 78 79 45
45 79 80 46
46 80 81 47
47 81 82 48
48 82 83 50
49 51 84 54
83 85 53 50
51 52 86 84
52 53 85 86
54 84 91 56
55 57 92 89
56 91 93 58
61 94 92 57
58 93 95 60
59 96 94 61
60 95 96 59
97 98 68 62
64 100 99 65
63 66 100 64
66 67 101 100
67 69 102 101
98 104 78 68
69 107 103 102
107 108 106 103
70 109 107 69
72 110 109 70
111 117 76 71
73 118 110 72
74 119 118 73
77 120 119 74
117 121 75 76
121 120 77 75
104 105 123 78
78 123 124 79
79 124 125 80
80 125 126 81
81 126 127 82
82 127 128 83
128 129 85 83
84 86 130 91
86 85 129 130
87 133 132 131
90 134 133 87
89 92 135 88
88 135 134 90
91 130 136 93
94 137 135 92
93 136 138 95
96 139 137 94
95 138 139 96
141 142 98 97
142 143 104 98
99 100 145 144
100 101 146 145
101 102 147 146
102 103 148 147
103 106 149 148
143 150 105 104
105 151 140 123
150 152 151 105
106 154 153 149
108 156 154 106
109 157 108 107
157 158 156 108
110 159 157 109
118 160 159 110
112 161 117 111
114 162 161 112
113 122 163 115
115 163 164 116
116 164 162 114
161 165 121 117
119 166 160 118
165 167 120 121
167 166 119 120
131 168 163 122
123 140 169 124
140 170 171 169
125 173 172 126
124 169 173 125
126 172 174 127
127 174 175 128
128 175 176 129
129 176 177 130
130 177 178 136
131 132 179 168
133 180 179 132
135 137 181 134
134 181 180 133
136 178 182 138
137 139 183 181
138 182 183 139
151 185 170 140
185 186 184 170
187 188 142 141
188 189 143 142
189 190 150 143
144 145 192 191
145 146 193 192
146 147 194 193
147 148 195 194
148 149 196 195
149 153 197 196
190 198 152 150
152 199 185 151
198 200 199 152
153 202 201 197
154 155 202 153
156 204 155 154
155 205 203 202
204 206 205 155
207 204 156 158
159 208 158 157
207 158 208 209
160 210 208 159
166 211 210 160
162 212 165 161
168 213 164 163
164 213 212 162
212 214 167 165
214 211 166 167
179 215 213 168
169 171 216 173
170 184 217 171
218 216 171 217
184 219 220 217
172 222 221 174
173 216 222 172
176 175 223 177
174 221 223 175
177 223 224 178
178 224 225 182
180 226 215 179
181 227 226 180
183 228 227 181
183 182 225 228
186 229 219 184
199 230 186 185
230 231 229 186
232 233 188 187
233 234 189 188
234 235 190 189
235 236 198 190
191 192 238 237
192 193 239 238
193 194 240 239
194 195 241 240
195 196 242 241
196 197 243 242
197 201 244 243
236 245 200 198
200 246 230 199
245 247 246 200
201 249 248 244
202 203 249 201
249 203 205 250
207 251 206 204
250 205 206 251
210 252 209 208
252 251 207 209
211 253 252 210
254 253 211 214
215 255 212 213
255 254 214 212
226 257 255 215
229 256 258 219
218 217 220 259
218 259 222 216
219 258 260 220
220 260 261 259
223 221 262 224
222 259 262 221
224 262 263 225
228 225 263 264
227 265 257 226
228 264 265 227
231 266 256 229
246 267 231 230
267 268 266 231
269 270 233 232
270 271 234 233
271 272 235 234
272 273 236 235
273 274 245 236
237 238 276 275
238 239 277 276
239 240 278 277
240 241 279 278
241 242 280 279
242 243 281 280
243 244 282 281
244 248 283 282
274 285 247 245
247 286 267 246
285 287 286 247
288 283 248 289
249 250 289 248
250 251 290 289
252 291 290 251
253 292 291 252
257 293 254 255
293 292 253 254
256 295 294 258
266 296 295 256
265 297 293 257
258 294 298 260
259 261 299 262
260 298 299 261
262 299 300 263
264 301 297 265
264 263 300 301
268 302 296 266
286 303 268 267
303 304 302 268
284 305 270 269
305 306 271 270
306 307 272 271
307 308 273 272
308 309 274 273
309 310 285 274
275 276 312 311
276 277 313 312
279 280 315 314
277 278 316 313
278 279 314 316
280 281 318 315
281 282 320 318
282 283 319 320
283 288 321 319
317 323 305 284
310 324 287 285
287 325 303 286
324 326 325 287
288 289 290 327
288 327 322 321
290 291 328 327
297 329 292 293
329 328 291 292
331 298 294 330
295 332 330 294
296 333 332 295
302 334 333 296
301 335 329 297
331 336 299 298
300 337 335 301
299 336 337 300
304 338 334 302
325 339 304 303
339 340 338 304
323 341 306 305
341 342 307 306
342 343 308 307
343 344 309 308
344 346 310 309
346 345 324 310
311 312 350 348
312 313 351 350
313 316 353 351
315 318 352 354
316 314 355 353
314 315 354 355
347 356 323 317
318 320 357 352
320 319 359 357
321 358 359 319
321 322 360 358
361 360 322 327
356 362 341 323
345 363 326 324
326 364 339 325
363 365 364 326
335 366 328 329
328 366 361 327
331 330 367 336
332 333 367 330
334 368 367 333
338 369 368 334
335 337 370 366
371 337 336 367
371 372 370 337
340 373 369 338
364 374 340 339
374 375 373 340
362 376 342 341
376 377 343 342
377 378 344 343
378 380 346 344
380 381 345 346
381 379 363 345
382 383 356 347
348 350 387 349
349 387 388 384
350 351 390 387
352 357 389 391
351 353 392 390
354 352 391 393
353 355 394 392
355 354 393 394
383 395 362 356
359 396 389 357
358 399 396 359
360 398 399 358
397 400 361 366
361 400 398 360
395 401 376 362
379 402 365 363
365 403 374 364
402 404 403 365
397 366 370 405
406 371 367 368
369 373 406 368
370 372 407 405
406 408 372 371
408 409 407 372
410 406 373 375
403 411 375 374
411 412 410 375
401 413 377 376
413 414 378 377
416 415 402 379
414 417 380 378
417 418 381 380
418 416 379 381
419 420 383 382
420 421 395 383
389 396 422 423
385 425 424 386
384 388 425 385
387 390 426 388
388 426 427 425
391 389 423 428
390 392 429 426
393 391 428 430
392 394 431 429
394 393 430 431
421 432 401 395
399 433 422 396
397 405 434 400
398 435 433 399
400 434 435 398
432 436 413 401
415 437 404 402
403 404 437 411
405 407 438 434
410 439 408 406
439 440 409 408
409 440 438 407
437 441 412 411
412 441 439 410
436 442 414 413
442 443 417 414
445 446 415 416
446 444 437 415
443 447 418 417
418 447 445 416
449 450 420 419
450 451 421 420
451 452 432 421
454 433 448 453
455 422 433 454
423 422 455 456
428 423 456 458
424 425 459 457
425 427 460 459
426 429 460 427
430 428 458 461
429 431 462 460
431 430 461 462
452 466 436 432
435 467 448 433
434 438 467 435
466 469 442 436
444 470 441 437
471 467 438 440
441 470 472 439
439 472 471 440
469 473 443 442
473 474 447 443
446 475 470 444
447 474 476 445
445 476 475 446
453 448 478 477
448 467 468 478
480 481 450 449
481 482 451 450
482 483 452 451
483 484 466 452
488 477 479 487
453 477 488 489
490 454 453 489
491 455 454 490
492 456 455 491
458 456 492 494
457 459 495 493
461 458 494 496
459 460 497 495
460 462 498 497
462 461 496 498
463 465 504 502
464 505 504 465
499 500 505 464
506 505 500 507
484 508 469 466
468 467 471 509
478 468 509 510
508 511 473 469
475 512 472 470
509 471 472 512
511 513 474 473
513 514 476 474
514 512 475 476
477 516 515 479
477 478 510 516
479 515 517 487
485 519 481 480
519 520 482 481
520 521 483 482
521 522 484 483
522 523 508 484
486 524 519 485
501 525 524 486
487 517 518 526
527 488 487 526
489 488 527 528
529 490 489 528
491 490 529 531
532 492 491 531
494 492 532 533
493 495 534 530
496 494 533 535
495 497 536 534
497 498 537 536
498 496 535 537
538 539 500 499
539 540 507 500
502 504 541 503
503 541 525 501
504 505 542 541
506 543 542 505
507 544 543 506
540 545 544 507
523 547 511 508
509 512 548 510
546 516 510 548
547 549 513 511
549 550 514 513
550 548 512 514
517 515 553 552
515 516 546 553
518 517 552 554
526 518 555 551
518 554 556 555
524 557 520 519
557 558 521 520
558 559 522 521
559 560 523 522
560 561 547 523
525 562 557 524
541 563 562 525
527 526 551 564
528 527 564 565
566 529 528 565
531 529 566 567
530 534 568 569
570 532 531 567
533 532 570 571
535 533 571 572
534 536 573 568
536 537 574 573
537 535 572 574
575 576 539 538
576 577 540 539
577 578 545 540
541 542 579 563
543 580 579 542
544 581 580 543
545 582 581 544
578 583 582 545
564 551 585 584
546 548 586 553
561 587 549 547
587 588 550 549
588 586 548 550
551 555 589 585
552 590 556 554
552 553 586 590
555 556 591 589
591 556 590 592
562 594 558 557
594 593 559 558
593 595 560 559
595 596 561 560
596 597 587 561
563 598 594 562
579 599 598 563
565 564 584 600
566 565 600 601
567 566 601 603
570 567 603 604
569 568 606 602
568 573 605 606
571 570 604 607
572 571 607 608
573 574 609 605
574 572 608 609
612 613 576 575
613 615 577 576
615 616 578 577
616 614 583 578
580 617 599 579
580 581 618 617
582 619 618 581
583 620 619 582
614 621 620 583
600 584 624 623
584 585 622 624
585 589 625 622
597 626 588 587
590 586 588 626
591 627 625 589
591 592 628 627
590 626 628 592
598 630 593 594
630 629 595 593
629 631 596 595
631 632 597 596
632 633 626 597
599 634 630 598
617 635 634 599
601 600 623 636
603 601 636 637
602 606 638 610
604 603 637 639
607 604 639 640
606 605 642 638
605 609 641 642
609 608 643 641
608 607 640 643
610 638 644 611
611 644 646 645
650 651 613 612
651 653 615 613
654 652 621 614
653 655 616 615
655 654 614 616
617 618 657 635
619 658 657 618
652 656 659 621
621 659 660 620
620 660 658 619
622 625 661 662
636 623 664 663
623 624 665 664
624 622 662 665
627 666 661 625
633 667 628 626
627 628 667 666
634 669 629 630
669 668 631 629
668 670 632 631
670 671 633 632
671 672 667 633
635 673 669 634
657 674 673 635
637 636 663 675
639 637 675 676
638 642 677 644
640 639 676 678
643 640 678 679
642 641 680 677
641 643 679 680
644 677 681 646
645 646 682 647
646 681 683 682
647 682 684 648
648 684 685 649
694 692 691 656
693 695 651 650
696 694 656 652
695 697 653 651
698 696 652 654
697 699 655 653
699 698 654 655
656 691 700 659
658 701 674 657
659 700 702 660
660 702 701 658
704 703 700 691
666 705 662 661
705 707 665 662
708 706 675 663
707 709 664 665
709 708 663 664
672 711 666 667
666 711 710 705
673 713 668 669
713 712 670 668
712 714 671 670
714 711 672 671
674 715 713 673
674 701 716 715
706 717 676 675
717 718 678 676
677 680 719 681
680 679 720 719
679 678 718 720
681 719 723 683
684 682 725 724
682 683 723 725
685 684 724 726
686 722 727 687
687 727 729 688
688 729 728 689
689 728 730 721
704 691 690 731
734 733 731 690
735 734 690 691
735 691 692 736
738 736 692 694
737 739 695 693
740 738 694 696
739 741 697 695
742 740 696 698
741 743 699 697
743 742 698 699
700 703 744 702
702 744 716 701
704 745 744 703
731 746 745 704
717 706 748 747
707 705 710 749
706 708 750 748
708 709 751 750
709 707 749 751
711 752 749 710
714 753 752 711
713 715 754 712
754 753 714 712
715 716 755 754
744 756 755 716
718 717 747 757
719 720 758 723
757 758 720 718
721 730 759 732
726 760 727 722
723 758 761 725
726 724 762 760
725 761 762 724
760 763 729 727
729 763 765 728
728 765 764 730
730 764 766 759
733 767 746 731
732 759 770 768
773 772 767 733
774 773 733 734
775 774 734 735
776 775 735 736
777 776 736 738
778 779 739 737
780 777 738 740
779 781 741 739
782 780 740 742
781 783 743 741
783 782 742 743
784 785 746 767
746 785 787 745
745 787 756 744
757 747 748 789
748 750 790 789
750 751 791 790
752 791 751 749
752 753 792 791
754 755 792 753
756 793 792 755
788 793 756 787
757 789 794 758
758 794 795 761
759 766 796 770
760 762 797 763
761 795 797 762
763 797 799 765
766 800 798 796
764 801 800 766
765 799 801 764
772 802 784 767
768 770 804 769
769 804 805 771
770 796 806 804
771 805 807 808
809 803 802 772
810 809 772 773
811 810 773 774
812 811 774 775
813 812 775 776
814 813 776 777
816 814 777 780
815 817 779 778
817 818 781 779
819 816 780 782
818 820 783 781
820 819 782 783
802 822 786 784
823 786 822 824
784 786 825 785
785 825 826 787
823 827 825 786
788 787 826 829
830 828 793 788
831 830 788 829
789 790 833 794
790 791 832 833
791 792 834 832
828 834 792 793
795 794 833 835
795 835 836 797
796 798 837 806
797 836 838 799
798 800 839 837
801 840 839 800
799 838 840 801
821 841 803 809
803 842 822 802
841 843 842 803
804 806 847 805
805 847 848 807
806 837 849 847
807 848 850 851
808 807 851 852
853 821 809 810
854 853 810 811
855 854 811 812
856 855 812 813
857 856 813 814
859 857 814 816
858 860 817 815
861 859 816 819
860 862 818 817
862 863 820 818
863 861 819 820
864 844 841 821
865 864 821 853
842 866 824 822
866 868 823 824
868 867 827 823
869 825 827 867
869 829 826 825
830 870 834 828
830 831 871 870
871 831 829 869
833 832 872 835
872 832 834 870
835 872 873 836
836 873 874 838
837 839 875 849
839 840 876 875
838 874 876 840
877 845 844 864
844 878 843 841
843 879 866 842
878 880 879 843
845 881 878 844
846 882 881 845
883 846 845 877
883 884 882 846
847 849 885 848
848 885 886 850
849 875 887 885
850 886 888 889
851 850 889 890
852 851 890 891
892 865 853 854
893 892 854 855
894 893 855 856
895 894 856 857
897 895 857 859
896 898 860 858
899 897 859 861
898 900 862 860
900 901 863 862
901 899 861 863
903 877 864 865
904 903 865 892
868 866 879 906
868 906 907 867
871 869 867 907
873 872 870 908
907 908 870 871
873 908 909 874
876 874 909 910
911 905 887 875
911 875 876 910
912 883 877 903
881 913 880 878
913 906 879 880
914 915 882 884
881 882 915 913
916 884 883 912
917 914 884 916
917 918 919 914
885 887 920 886
886 920 921 888
887 905 922 920
888 921 923 924
889 888 924 925
890 889 925 926
891 890 926 927
928 904 892 893
929 928 893 894
930 929 894 895
931 930 895 897
902 932 898 896
933 931 897 899
932 934 900 898
934 935 901 900
935 933 899 901
937 936 932 902
905 944 942 922
945 912 903 904
946 945 904 928
911 947 944 905
907 906 949 908
948 949 906 913
908 949 950 909
911 910 951 947
910 909 950 951
952 916 912 945
948 913 915 953
953 915 914 919
954 917 916 952
954 956 918 917
919 918 956 955
919 955 957 953
920 922 958 921
921 958 959 923
922 942 960 958
923 959 962 961
924 923 961 963
925 924 963 964
926 925 964 965
927 926 965 966
967 946 928 929
968 967 929 930
969 968 930 931
970 969 931 933
936 971 934 932
971 972 935 934
972 970 933 935
938 974 936 937
974 973 971 936
939 975 974 938
940 976 975 939
941 977 976 940
944 978 943 942
978 979 980 943
942 943 981 960
943 980 982 981
947 983 978 944
946 984 952 945
967 985 984 946
947 951 986 983
948 953 987 949
951 950 988 986
950 949 987 988
954 952 984 989
953 957 990 987
954 989 991 956
991 992 955 956
957 955 992 990
958 960 993 959
959 993 994 962
960 981 995 993
962 994 996 997
963 961 999 998
961 962 997 999
964 963 998 1000
965 964 1000 1001
966 965 1001 1002
968 1003 985 967
1004 1003 968 969
970 1005 1004 969
973 1006 972 971
1006 1005 970 972
974 1013 1006 973
975 1014 1013 974
1015 1014 975 976
1016 1015 976 977
983 1019 979 978
979 1019 1018 980
980 1018 1020 982
981 982 1021 995
982 1020 1022 1021
983 986 1024 1019
1023 1025 985 1003
989 984 985 1025
986 988 1026 1024
990 1026 988 987
989 1025 1027 991
1027 1028 992 991
990 992 1028 1026
993 995 1029 994
994 1029 1030 996
995 1021 1031 1029
996 1030 1032 1034
997 996 1034 1036
999 997 1036 1038
1000 998 1040 1039
998 999 1038 1040
1001 1000 1039 1041
1002 1001 1041 1042
1045 1023 1003 1004
1017 1046 1010 1008
1013 1048 1005 1006
1048 1045 1004 1005
1009 1007 1049 1011
1008 1010 1049 1007
1046 1047 1050 1010
1010 1050 1051 1049
1011 1049 1052 1012
1012 1052 1053 1016
1014 1054 1048 1013
1053 1055 1015 1016
1015 1055 1054 1014
1047 1056 1057 1050
1044 1058 1046 1017
1020 1018 1059 1022
1024 1059 1018 1019
1021 1022 1060 1031
1022 1059 1061 1060
1062 1025 1023 1045
1024 1026 1063 1059
1062 1064 1027 1025
1064 1065 1028 1027
1063 1026 1028 1065
1029 1031 1066 1030
1030 1066 1067 1032
1031 1060 1068 1066
1032 1067 1070 1069
1032 1069 1072 1034
1033 1035 1074 1073
1036 1034 1072 1075
1037 1076 1074 1035
1038 1036 1075 1077
1043 1078 1076 1037
1040 1038 1077 1079
1041 1039 1081 1080
1039 1040 1079 1081
1042 1082 1078 1043
1041 1080 1082 1042
1071 1083 1058 1044
1048 1084 1062 1045
1058 1085 1047 1046
1085 1086 1056 1047
1054 1087 1084 1048
1049 1051 1088 1052
1050 1057 1088 1051
1052 1088 1089 1053
1053 1089 1090 1055
1090 1087 1054 1055
1086 1091 1092 1056
1056 1092 1093 1057
1093 1094 1088 1057
1083 1095 1085 1058
1059 1063 1097 1061
1068 1060 1061 1097
1084 1098 1064 1062
1098 1099 1065 1064
1063 1065 1099 1097
1100 1067 1066 1068
1101 1070 1067 1100
1100 1068 1097 1102
1069 1103 1096 1072
1070 1101 1103 1069
1106 1105 1083 1071
1075 1072 1096 1109
1073 1074 1111 1110
1074 1076 1112 1111
1075 1109 1113 1077
1078 1114 1112 1076
1077 1113 1115 1079
1082 1116 1114 1078
1081 1079 1115 1117
1080 1118 1116 1082
1081 1117 1118 1080
1105 1119 1095 1083
1087 1120 1098 1084
1095 1121 1086 1085
1121 1122 1091 1086
1090 1123 1120 1087
1088 1094 1124 1089
1089 1124 1123 1090
1091 1122 1125 1092
1092 1125 1126 1093
1093 1126 1124 1094
1119 1127 1121 1095
1096 1104 1128 1109
1103 1129 1104 1096
1120 1130 1099 1098
1130 1102 1097 1099
1101 1100 1102 1131
1131 1132 1103 1101
1133 1131 1102 1130
1132 1134 1129 1103
1129 1135 1128 1104
1137 1136 1119 1105
1138 1137 1105 1106
1107 1139 1140 1108
1109 1128 1142 1113
1110 1111 1145 1144
1111 1112 1146 1145
1112 1114 1147 1146
1113 1142 1148 1115
1116 1149 1147 1114
1115 1148 1150 1117
1118 1151 1149 1116
1117 1150 1151 1118
1136 1152 1127 1119
1153 1130 1120 1123
1127 1154 1122 1121
1154 1155 1125 1122
1156 1153 1123 1124
1125 1155 1157 1126
1156 1124 1126 1157
1152 1158 1154 1127
1142 1128 1135 1159
1159 1135 1161 1160
1129 1134 1162 1135
1133 1130 1153 1163
1132 1131 1133 1163
1132 1163 1162 1134
1135 1162 1164 1161
1168 1167 1152 1136
1169 1168 1136 1137
1170 1169 1137 1138
1141 1171 1140 1139
1172 1171 1141 1174
1148 1142 1159 1176
1144 1177 1175 1143
1144 1145 1178 1177
1146 1179 1178 1145
1146 1147 1180 1179
1149 1181 1180 1147
1150 1148 1176 1182
1151 1183 1181 1149
1151 1150 1182 1183
1167 1185 1158 1152
1167 1166 1184 1185
1165 1186 1184 1166
1156 1187 1163 1153
1158 1188 1155 1154
1188 1189 1157 1155
1157 1189 1187 1156
1185 1190 1188 1158
1176 1159 1160 1193
1193 1160 1161 1194
1194 1161 1164 1195
1187 1196 1162 1163
1195 1164 1162 1196
1199 1192 1186 1200
1201 1200 1186 1165
1201 1165 1166 1202
1203 1202 1166 1167
1204 1203 1167 1168
1205 1204 1168 1169
1206 1205 1169 1170
1207 1197 1191 1198
1172 1208 1173 1171
1172 1174 1209 1208
1173 1208 1210 1211
1212 1213 1209 1174
1175 1177 1215 1214
1182 1176 1193 1216
1177 1178 1217 1215
1178 1179 1218 1217
1179 1180 1219 1218
1181 1220 1219 1180
1181 1183 1221 1220
1183 1182 1216 1221
1222 1223 1191 1197
1184 1224 1190 1185
1186 1192 1224 1184
1189 1225 1196 1187
1226 1188 1190 1224
1226 1225 1189 1188
1198 1227 1192 1199
1198 1191 1223 1227
1192 1227 1228 1224
1216 1193 1194 1229
1229 1194 1231 1232
1195 1196 1230 1233
1194 1195 1234 1231
1235 1234 1195 1233
1236 1230 1196 1225
1238 1237 1222 1197
1238 1197 1207 1239
1240 1207 1198 1199
1241 1240 1199 1200
1242 1241 1200 1201
1243 1242 1201 1202
1244 1243 1202 1203
1245 1244 1203 1204
1246 1245 1204 1205
1247 1246 1205 1206
1248 1239 1207 1240
1208 1209 1250 1210
1213 1251 1250 1209
1211 1210 1250 1252
1249 1253 1213 1212
1253 1254 1251 1213
1237 1255 1256 1222
1214 1215 1259 1258
1215 1217 1260 1259
1221 1216 1229 1261
1217 1218 1262 1260
1218 1219 1263 1262
1219 1220 1264 1263
1220 1221 1261 1264
1256 1265 1223 1222
1266 1227 1223 1265
1228 1267 1226 1224
1267 1236 1225 1226
1266 1268 1228 1227
1268 1269 1267 1228
1261 1229 1232 1270
1271 1233 1230 1236
1270 1232 1231 1273
1273 1231 1234 1272
1272 1234 1235 1274
1274 1235 1233 1271
1275 1271 1236 1267
1276 1257 1255 1237
1277 1276 1237 1238
1281 1277 1238 1239
1282 1281 1239 1248
1283 1248 1240 1241
1284 1283 1241 1242
1285 1284 1242 1243
1286 1285 1243 1244
1287 1286 1244 1245
1288 1287 1245 1246
1289 1288 1246 1247
1290 1282 1248 1283
1291 1292 1253 1249
1252 1250 1294 1293
1251 1254 1294 1250
1292 1295 1254 1253
1296 1294 1254 1295
1278 1302 1257 1276
1279 1303 1302 1278
1257 1304 1305 1255
1305 1265 1256 1255
1302 1306 1304 1257
1258 1259 1307 1280
1259 1260 1308 1307
1260 1262 1309 1308
1264 1261 1270 1310
1262 1263 1311 1309
1263 1264 1310 1311
1312 1266 1265 1305
1268 1266 1312 1313
1268 1313 1314 1269
1314 1275 1267 1269
1310 1270 1273 1315
1275 1316 1274 1271
1315 1273 1272 1317
1317 1272 1274 1316
1275 1314 1318 1316
1319 1278 1276 1277
1320 1319 1277 1281
1322 1321 1303 1279
1323 1279 1278 1319
1324 1322 1279 1323
1280 1307 1325 1297
1326 1320 1281 1282
1327 1326 1282 1290
1328 1290 1283 1284
1329 1328 1284 1285
1330 1329 1285 1286
1331 1330 1286 1287
1332 1331 1287 1288
1333 1332 1288 1289
1334 1327 1290 1328
1335 1336 1292 1291
1336 1338 1295 1292
1293 1294 1339 1337
1296 1340 1339 1294
1295 1338 1340 1296
1297 1325 1346 1298
1298 1346 1347 1299
1299 1347 1348 1300
1300 1348 1349 1301
1303 1350 1306 1302
1351 1350 1303 1321
1306 1350 1352 1304
1312 1305 1304 1352
1307 1308 1353 1325
1308 1309 1354 1353
1309 1311 1355 1354
1311 1310 1315 1355
1312 1352 1356 1313
1318 1314 1313 1356
1355 1315 1317 1357
1357 1317 1316 1358
1318 1356 1358 1316
1359 1323 1319 1320
1360 1359 1320 1326
1351 1321 1322 1362
1363 1362 1322 1324
1351 1362 1364 1361
1365 1324 1323 1359
1366 1363 1324 1365
1325 1353 1367 1346
1368 1360 1326 1327
1369 1368 1327 1334
1370 1334 1328 1329
1371 1370 1329 1330
1372 1371 1330 1331
1373 1372 1331 1332
1374 1373 1332 1333
1375 1369 1334 1370
1342 1376 1336 1335
1376 1378 1338 1336
1337 1339 1379 1377
1339 1340 1380 1379
1338 1378 1380 1340
1341 1382 1376 1342
1343 1381 1382 1341
1344 1383 1381 1343
1345 1385 1383 1344
1384 1386 1385 1345
1346 1367 1388 1347
1348 1347 1388 1389
1349 1348 1389 1390
1350 1391 1356 1352
1351 1361 1391 1350
1353 1354 1392 1367
1354 1355 1357 1392
1392 1357 1358 1393
1358 1356 1391 1393
1394 1391 1361 1395
1396 1365 1359 1360
1397 1396 1360 1368
1395 1361 1364 1398
1362 1363 1366 1399
1362 1399 1398 1364
1400 1366 1365 1396
1401 1399 1366 1400
1367 1392 1402 1388
1403 1397 1368 1369
1404 1403 1369 1375
1405 1375 1370 1371
1406 1405 1371 1372
1407 1406 1372 1373
1408 1407 1373 1374
1409 1404 1375 1405
1382 1412 1378 1376
1377 1379 1413 1410
1412 1414 1380 1378
1414 1413 1379 1380
1385 1411 1415 1383
1381 1416 1412 1382
1383 1415 1416 1381
1411 1418 1417 1415
1387 1419 1386 1384
1386 1420 1411 1385
1419 1421 1420 1386
1390 1422 1419 1387
1390 1389 1423 1422
1389 1388 1402 1423
1402 1392 1393 1424
1394 1424 1393 1391
1394 1395 1425 1424
1395 1398 1426 1425
1427 1428 1397 1403
1428 1400 1396 1397
1429 1426 1398 1399
1429 1399 1401 1430
1431 1401 1400 1428
1431 1432 1430 1401
1423 1402 1424 1433
1434 1427 1403 1404
1434 1435 1436 1427
1437 1434 1404 1409
1438 1409 1405 1406
1439 1438 1406 1407
1440 1439 1407 1408
1441 1437 1409 1438
1410 1413 1442 1443
1420 1444 1418 1411
1413 1414 1445 1442
1412 1416 1445 1414
1415 1417 1445 1416
1445 1417 1418 1446
1444 1447 1446 1418
1422 1448 1421 1419
1421 1449 1444 1420
1448 1450 1449 1421
1422 1423 1451 1448
1423 1433 1452 1451
1424 1425 1454 1433
1429 1454 1425 1426
1427 1455 1431 1428
1436 1453 1455 1427
1429 1430 1456 1454
1455 1457 1432 1431
1456 1430 1432 1457
1433 1454 1458 1452
1459 1435 1434 1437
1460 1436 1435 1459
1461 1453 1436 1460
1462 1459 1437 1441
1463 1441 1438 1439
1464 1463 1439 1440
1465 1462 1441 1463
1442 1445 1467 1466
1443 1442 1466 1468
1449 1469 1447 1444
1447 1470 1471 1446
1467 1445 1446 1471
1447 1469 1472 1470
1448 1451 1475 1450
1450 1475 1469 1449
1475 1451 1452 1476
1476 1452 1458 1477
1478 1455 1453 1461
1479 1458 1454 1456
1479 1456 1457 1480
1480 1457 1455 1478
1481 1477 1458 1479
1482 1460 1459 1462
1482 1483 1461 1460
1484 1478 1461 1483
1485 1482 1462 1465
1486 1465 1463 1464
1486 1487 1485 1465
1468 1466 1488 1473
1466 1467 1471 1488
1475 1489 1472 1469
1470 1490 1488 1471
1470 1472 1489 1490
1473 1488 1491 1474
1489 1475 1476 1492
1492 1476 1477 1481
1480 1478 1484 1493
1495 1494 1481 1479
1479 1480 1493 1495
1492 1481 1494 1496
1485 1497 1483 1482
1498 1484 1483 1497
1499 1493 1484 1498
1487 1500 1497 1485
1502 1501 1487 1486
1501 1503 1500 1487
1491 1488 1490 1504
1490 1489 1492 1504
1492 1496 1505 1504
1499 1506 1495 1493
1505 1496 1494 1507
1494 1495 1506 1507
1500 1508 1498 1497
1499 1498 1508 1506
1503 1513 1508 1500
1509 1515 1501 1502
1515 1514 1503 1501
1514 1516 1513 1503
1504 1505 1517 1511
1505 1507 1518 1517
1507 1506 1519 1518
1506 1508 1513 1519
1510 1520 1515 1509
1522 1521 1520 1510
1511 1517 1523 1512
1512 1523 1524 1525
1519 1513 1516 1526
1520 1527 1514 1515
1527 1526 1516 1514
1517 1518 1528 1523
1518 1519 1526 1528
1521 1529 1527 1520
1530 1531 1529 1521
1532 1530 1521 1522
1523 1528 1533 1524
1524 1533 1534 1535
1525 1524 1535 1536
1528 1526 1538 1533
1526 1527 1529 1538
1539 1538 1529 1531
1537 1540 1530 1532
1540 1539 1531 1530
1533 1538 1541 1534
1535 1534 1541 1542
1536 1535 1542 1543
1544 1545 1540 1537
1545 1546 1539 1540
1539 1546 1541 1538
1542 1541 1546 1547
1543 1542 1547 1548
1549 1550 1545 1544
1550 1551 1546 1545
1547 1546 1551 1552
1548 1547 1552 1553
1555 1554 1550 1549
1556 1551 1550 1554
1552 1551 1556 1557
1553 1552 1557 1558
1560 1562 1554 1555
1561 1556 1554 1562
1558 1557 1563 1559
1557 1556 1561 1563
1559 1563 1566 1565
1564 1567 1562 1560
1563 1561 1568 1566
1561 1562 1567 1568
1569 1570 1567 1564
1565 1566 1571 1572
1570 1574 1568 1567
1574 1571 1566 1568
1573 1575 1570 1569
1576 1574 1570 1575
1572 1571 1574 1577
1580 1581 1575 1573
1576 1582 1577 1574
1576 1575 1581 1582
1578 1579 1583 1580
1584 1581 1580 1583
1585 1582 1581 1584
1584 1583 1586 1585
boundary nodes
234
2
1
4
3
5
6
7
0
8
9
10
11
13
17
18
19
22
26
27
28
29
33
34
36
41
49
54
56
57
55
58
60
59
61
62
63
64
65
71
89
88
90
87
97
99
111
112
114
113
115
116
122
131
141
144
187
191
232
237
269
275
284
311
317
347
348
349
382
384
385
386
419
424
449
457
464
465
463
480
485
486
493
499
501
502
503
530
538
569
575
602
610
611
612
645
647
648
649
650
685
686
687
688
689
693
721
722
726
732
737
768
769
771
778
808
815
852
858
891
896
902
927
937
938
939
940
941
966
977
1002
1008
1007
1009
1011
1012
1016
1017
1035
1033
1037
1042
1043
1044
1071
1073
1106
1107
1108
1110
1138
1139
1140
1141
1144
1143
1170
1171
1173
1174
1175
1206
1211
1212
1214
1247
1249
1252
1258
1280
1289
1291
1293
1297
1298
1299
1300
1301
1333
1335
1337
1342
1341
1343
1344
1345
1349
1374
1377
1384
1387
1390
1408
1410
1440
1443
1464
1468
1473
1474
1486
1491
1502
1504
1509
1510
1511
1512
1522
1525
1532
1536
1537
1543
1544
1548
1549
1553
1555
1558
1559
1560
1564
1565
1569
1572
1573
1577
1579
1578
1580
1582
1583
1585
1586
boundary elements
234
2 1
4 2
3 4
5 3
6 5
7 6
0 8
9 0
10 9
11 10
1 13
17 7
8 18
18 19
22 11
26 27
27 28
13 29
28 33
33 17
19 34
36 26
41 22
29 49
49 54
54 56
57 55
56 58
60 59
58 60
59 61
61 57
62 36
34 63
63 64
64 65
71 41
89 88
55 89
88 90
90 87
97 62
65 99
111 71
112 111
114 112
113 115
116 114
115 116
122 113
131 122
87 131
141 97
99 144
187 141
144 191
232 187
191 237
269 232
237 275
284 269
275 311
317 284
347 317
311 348
348 349
382 347
349 384
384 385
385 386
419 382
386 424
449 419
424 457
464 465
465 463
480 449
485 480
486 485
457 493
499 464
501 486
463 502
503 501
502 503
493 530
538 499
530 569
575 538
569 602
602 610
610 611
612 575
611 645
645 647
647 648
648 649
650 612
649 685
686 687
687 688
688 689
693 650
689 721
722 686
726 722
685 726
721 732
737 693
732 768
768 769
769 771
778 737
771 808
815 778
808 852
858 815
852 891
896 858
902 896
891 927
937 902
938 937
939 938
940 939
941 940
927 966
977 941
966 1002
1008 1007
1007 1009
1009 1011
1011 1012
1012 1016
1016 977
1017 1008
1035 1033
1037 1035
1002 1042
1042 1043
1043 1037
1044 1017
1071 1044
1033 1073
1106 1071
1107 1108
1073 1110
1138 1106
1139 1107
1108 1140
1141 1139
1110 1144
1144 1143
1170 1138
1140 1171
1171 1173
1174 1141
1143 1175
1206 1170
1173 1211
1212 1174
1175 1214
1247 1206
1249 1212
1211 1252
1214 1258
1258 1280
1289 1247
1291 1249
1252 1293
1280 1297
1297 1298
1298 1299
1299 1300
1300 1301
1333 1289
1335 1291
1293 1337
1342 1335
1341 1342
1343 1341
1344 1343
1345 1344
1301 1349
1374 1333
1337 1377
1384 1345
1387 1384
1349 1390
1390 1387
1408 1374
1377 1410
1440 1408
1410 1443
1464 1440
1443 1468
1468 1473
1473 1474
1486 1464
1474 1491
1502 1486
1491 1504
1509 1502
1510 1509
1504 1511
1511 1512
1522 1510
1512 1525
1532 1522
1525 1536
1537 1532
1536 1543
1544 1537
1543 1548
1549 1544
1548 1553
1555 1549
1553 1558
1558 1559
1560 1555
1564 1560
1559 1565
1569 1564
1565 1572
1573 1569
1572 1577
1579 1578
1578 1580
1580 1573
1577 1582
1583 1579
1582 1585
1585 1586
1586 1583
