Nodes
576
0.500000 0.000000
0.353553 0.353553
0.317197 0.386505
0.277785 0.415735
0.235698 0.440961
0.191342 0.461940
0.145142 0.478470
0.097545 0.490393
0.049009 0.497592
0.497592 0.049009
0.000000 0.500000
-0.049009 0.497592
-0.097545 0.490393
-0.145142 0.478470
-0.191342 0.461940
-0.235698 0.440961
-0.277785 0.415735
-0.317197 0.386505
0.490393 0.097545
-0.353553 0.353553
-0.386505 0.317197
-0.415735 0.277785
-0.440961 0.235698
-0.461940 0.191342
-0.478470 0.145142
-0.490393 0.097545
-0.497592 0.049009
0.478470 0.145142
-0.500000 0.000000
-0.497592 -0.049009
-0.490393 -0.097545
-0.478470 -0.145142
-0.461940 -0.191342
-0.440961 -0.235698
-0.415735 -0.277785
-0.386505 -0.317197
0.461940 0.191342
-0.353553 -0.353553
-0.317197 -0.386505
-0.277785 -0.415735
-0.235698 -0.440961
-0.191342 -0.461940
-0.145142 -0.478470
-0.097545 -0.490393
-0.049009 -0.497592
0.440961 0.235698
-0.000000 -0.500000
0.049009 -0.497592
0.097545 -0.490393
0.145142 -0.478470
0.191342 -0.461940
0.235698 -0.440961
0.277785 -0.415735
0.317197 -0.386505
0.415735 0.277785
0.353553 -0.353553
0.386505 -0.317197
0.415735 -0.277785
0.440961 -0.235698
0.461940 -0.191342
0.478470 -0.145142
0.490393 -0.097545
0.497592 -0.049009
0.386505 0.317197
0.434818 0.356846
0.483132 0.396496
0.531445 0.436145
0.579758 0.475795
0.628071 0.515445
0.676384 0.555094
0.724697 0.594744
0.773010 0.634393
0.562500 0.000000
0.397748 0.397748
0.441942 0.441942
0.486136 0.486136
0.530330 0.530330
0.574524 0.574524
0.618718 0.618718
0.662913 0.662913
0.707107 0.707107
0.625000 0.000000
0.356846 0.434818
0.396496 0.483132
0.436145 0.531445
0.475795 0.579758
0.515445 0.628071
0.555094 0.676384
0.594744 0.724697
0.634393 0.773010
0.687500 0.000000
0.312508 0.467702
0.347231 0.519669
0.381955 0.571635
0.416678 0.623602
0.451401 0.675569
0.486124 0.727536
0.520847 0.779503
0.555570 0.831470
0.750000 0.000000
0.265161 0.496081
0.294623 0.551201
0.324085 0.606321
0.353548 0.661441
0.383010 0.716561
0.412472 0.771681
0.441934 0.826801
0.471397 0.881921
0.812500 0.000000
0.215259 0.519682
0.239177 0.577425
0.263095 0.635167
0.287013 0.692910
0.310930 0.750652
0.334848 0.808395
0.358766 0.866137
0.382683 0.923880
0.875000 0.000000
0.163285 0.538279
0.181428 0.598088
0.199571 0.657896
0.217714 0.717705
0.235856 0.777514
0.253999 0.837323
0.272142 0.897132
0.290285 0.956940
0.937500 0.000000
0.109738 0.551692
0.121931 0.612991
0.134125 0.674290
0.146318 0.735589
0.158511 0.796888
0.170704 0.858187
0.182897 0.919486
0.195090 0.980785
1.000000 0.000000
0.055135 0.559791
0.061261 0.621990
0.067387 0.684189
0.073513 0.746389
0.079639 0.808588
0.085765 0.870787
0.091891 0.932986
0.098017 0.995185
0.559791 0.055135
0.000000 0.562500
0.000000 0.625000
0.000000 0.687500
0.000000 0.750000
0.000000 0.812500
0.000000 0.875000
0.000000 0.937500
0.000000 1.000000
0.621990 0.061261
-0.055135 0.559791
-0.061261 0.621990
-0.067387 0.684190
-0.073513 0.746389
-0.079639 0.808588
-0.085765 0.870787
-0.091891 0.932986
-0.098017 0.995185
0.684189 0.067387
-0.109738 0.551692
-0.121931 0.612991
-0.134125 0.674290
-0.146318 0.735589
-0.158511 0.796888
-0.170704 0.858187
-0.182897 0.919486
-0.195090 0.980785
0.746389 0.073513
-0.163285 0.538279
-0.181428 0.598088
-0.199571 0.657896
-0.217713 0.717705
-0.235856 0.777514
-0.253999 0.837323
-0.272142 0.897132
-0.290285 0.956940
0.808588 0.079639
-0.215259 0.519682
-0.239177 0.577425
-0.263095 0.635167
-0.287013 0.692910
-0.310930 0.750652
-0.334848 0.808395
-0.358766 0.866137
-0.382683 0.923880
0.870787 0.085765
-0.265161 0.496081
-0.294623 0.551201
-0.324085 0.606321
-0.353548 0.661441
-0.383010 0.716561
-0.412472 0.771681
-0.441934 0.826801
-0.471397 0.881921
0.932986 0.091891
-0.312508 0.467702
-0.347231 0.519669
-0.381955 0.571635
-0.416678 0.623602
-0.451401 0.675569
-0.486124 0.727536
-0.520847 0.779503
-0.555570 0.831470
0.995185 0.098017
-0.356846 0.434818
-0.396496 0.483132
-0.436145 0.531445
-0.475795 0.579758
-0.515445 0.628071
-0.555094 0.676384
-0.594744 0.724697
-0.634393 0.773010
0.551692 0.109738
-0.397748 0.397748
-0.441942 0.441942
-0.486136 0.486136
-0.530330 0.530330
-0.574524 0.574524
-0.618718 0.618718
-0.662913 0.662913
-0.707107 0.707107
0.612991 0.121931
-0.434818 0.356846
-0.483132 0.396496
-0.531445 0.436145
-0.579758 0.475795
-0.628071 0.515445
-0.676384 0.555094
-0.724697 0.594744
-0.773010 0.634393
0.674290 0.134125
-0.467702 0.312508
-0.519668 0.347231
-0.571635 0.381955
-0.623602 0.416678
-0.675569 0.451401
-0.727536 0.486124
-0.779503 0.520847
-0.831470 0.555570
0.735589 0.146318
-0.496081 0.265161
-0.551201 0.294623
-0.606321 0.324085
-0.661441 0.353548
-0.716561 0.383010
-0.771681 0.412472
-0.826801 0.441934
-0.881921 0.471397
0.796888 0.158511
-0.519682 0.215259
-0.577425 0.239177
-0.635167 0.263095
-0.692910 0.287013
-0.750652 0.310930
-0.808395 0.334848
-0.866137 0.358766
-0.923880 0.382683
0.858187 0.170704
-0.538279 0.163285
-0.598088 0.181428
-0.657896 0.199571
-0.717705 0.217714
-0.777514 0.235856
-0.837323 0.253999
-0.897132 0.272142
-0.956940 0.290285
0.919486 0.182897
-0.551692 0.109738
-0.612991 0.121931
-0.674290 0.134125
-0.735589 0.146318
-0.796888 0.158511
-0.858187 0.170704
-0.919486 0.182897
-0.980785 0.195090
0.980785 0.195090
-0.559791 0.055135
-0.621990 0.061261
-0.684189 0.067387
-0.746389 0.073513
-0.808588 0.079639
-0.870787 0.085765
-0.932986 0.091891
-0.995185 0.098017
0.538279 0.163285
-0.562500 0.000000
-0.625000 0.000000
-0.687500 0.000000
-0.750000 0.000000
-0.812500 0.000000
-0.875000 0.000000
-0.937500 0.000000
-1.000000 0.000000
0.598088 0.181428
-0.559791 -0.055135
-0.621990 -0.061261
-0.684190 -0.067387
-0.746389 -0.073513
-0.808588 -0.079639
-0.870787 -0.085765
-0.932986 -0.091891
-0.995185 -0.098017
0.657896 0.199571
-0.551692 -0.109738
-0.612991 -0.121931
-0.674290 -0.134125
-0.735589 -0.146318
-0.796888 -0.158511
-0.858187 -0.170704
-0.919486 -0.182897
-0.980785 -0.195090
0.717705 0.217714
-0.538279 -0.163285
-0.598088 -0.181428
-0.657896 -0.199571
-0.717705 -0.217713
-0.777514 -0.235856
-0.837323 -0.253999
-0.897132 -0.272142
-0.956940 -0.290285
0.777514 0.235856
-0.519682 -0.215259
-0.577425 -0.239177
-0.635167 -0.263095
-0.692910 -0.287013
-0.750652 -0.310930
-0.808395 -0.334848
-0.866137 -0.358766
-0.923880 -0.382683
0.837323 0.253999
-0.496081 -0.265161
-0.551201 -0.294623
-0.606321 -0.324085
-0.661441 -0.353548
-0.716561 -0.383010
-0.771681 -0.412472
-0.826801 -0.441934
-0.881921 -0.471397
0.897132 0.272142
-0.467702 -0.312508
-0.519669 -0.347231
-0.571635 -0.381954
-0.623602 -0.416678
-0.675569 -0.451401
-0.727536 -0.486124
-0.779503 -0.520847
-0.831470 -0.555570
0.956940 0.290285
-0.434818 -0.356846
-0.483132 -0.396496
-0.531445 -0.436145
-0.579758 -0.475795
-0.628071 -0.515445
-0.676384 -0.555094
-0.724697 -0.594744
-0.773010 -0.634393
0.519682 0.215259
-0.397748 -0.397748
-0.441942 -0.441942
-0.486136 -0.486136
-0.530330 -0.530330
-0.574524 -0.574524
-0.618718 -0.618718
-0.662913 -0.662913
-0.707107 -0.707107
0.577425 0.239177
-0.356846 -0.434818
-0.396496 -0.483132
-0.436145 -0.531445
-0.475795 -0.579758
-0.515445 -0.628071
-0.555094 -0.676384
-0.594744 -0.724697
-0.634393 -0.773010
0.635167 0.263095
-0.312508 -0.467702
-0.347231 -0.519668
-0.381955 -0.571635
-0.416678 -0.623602
-0.451401 -0.675569
-0.486124 -0.727536
-0.520847 -0.779503
-0.555570 -0.831470
0.692910 0.287013
-0.265161 -0.496081
-0.294623 -0.551201
-0.324085 -0.606321
-0.353548 -0.661441
-0.383010 -0.716561
-0.412472 -0.771681
-0.441935 -0.826801
-0.471397 -0.881921
0.750652 0.310930
-0.215259 -0.519682
-0.239177 -0.577425
-0.263095 -0.635167
-0.287013 -0.692910
-0.310930 -0.750652
-0.334848 -0.808395
-0.358766 -0.866137
-0.382684 -0.923880
0.808395 0.334848
-0.163285 -0.538279
-0.181428 -0.598088
-0.199571 -0.657896
-0.217714 -0.717705
-0.235856 -0.777514
-0.253999 -0.837323
-0.272142 -0.897132
-0.290285 -0.956940
0.866137 0.358766
-0.109738 -0.551692
-0.121931 -0.612991
-0.134125 -0.674290
-0.146318 -0.735589
-0.158511 -0.796888
-0.170704 -0.858187
-0.182897 -0.919486
-0.195090 -0.980785
0.923880 0.382683
-0.055135 -0.559791
-0.061261 -0.621990
-0.067387 -0.684189
-0.073513 -0.746389
-0.079639 -0.808588
-0.085765 -0.870787
-0.091891 -0.932986
-0.098017 -0.995185
0.496081 0.265161
-0.000000 -0.562500
-0.000000 -0.625000
-0.000000 -0.687500
-0.000000 -0.750000
-0.000000 -0.812500
-0.000000 -0.875000
-0.000000 -0.937500
-0.000000 -1.000000
0.551201 0.294623
0.055135 -0.559791
0.061261 -0.621990
0.067387 -0.684190
0.073513 -0.746389
0.079639 -0.808588
0.085765 -0.870787
0.091891 -0.932986
0.098017 -0.995185
0.606321 0.324085
0.109738 -0.551692
0.121931 -0.612991
0.134125 -0.674290
0.146318 -0.735589
0.158511 -0.796888
0.170704 -0.858187
0.182897 -0.919486
0.195090 -0.980785
0.661441 0.353548
0.163285 -0.538279
0.181428 -0.598088
0.199571 -0.657896
0.217713 -0.717705
0.235856 -0.777514
0.253999 -0.837323
0.272142 -0.897132
0.290285 -0.956940
0.716561 0.383010
0.215259 -0.519682
0.239177 -0.577425
0.263095 -0.635167
0.287013 -0.692910
0.310930 -0.750652
0.334848 -0.808395
0.358766 -0.866137
0.382683 -0.923880
0.771681 0.412472
0.265161 -0.496081
0.294623 -0.551201
0.324085 -0.606321
0.353547 -0.661441
0.383010 -0.716561
0.412472 -0.771681
0.441934 -0.826801
0.471397 -0.881921
0.826801 0.441934
0.312508 -0.467702
0.347231 -0.519669
0.381954 -0.571635
0.416678 -0.623602
0.451401 -0.675569
0.486124 -0.727536
0.520847 -0.779503
0.555570 -0.831470
0.881921 0.471397
0.356846 -0.434818
0.396496 -0.483132
0.436145 -0.531445
0.475795 -0.579758
0.515444 -0.628071
0.555094 -0.676384
0.594744 -0.724697
0.634393 -0.773011
0.467702 0.312508
0.397748 -0.397748
0.441942 -0.441942
0.486136 -0.486136
0.530330 -0.530330
0.574524 -0.574524
0.618718 -0.618718
0.662913 -0.662913
0.707107 -0.707107
0.519669 0.347231
0.434818 -0.356846
0.483131 -0.396496
0.531445 -0.436145
0.579758 -0.475795
0.628071 -0.515445
0.676384 -0.555094
0.724697 -0.594744
0.773010 -0.634393
0.571635 0.381955
0.467702 -0.312508
0.519668 -0.347231
0.571635 -0.381955
0.623602 -0.416678
0.675569 -0.451401
0.727536 -0.486124
0.779503 -0.520847
0.831470 -0.555570
0.623602 0.416678
0.496081 -0.265161
0.551201 -0.294623
0.606321 -0.324085
0.661441 -0.353548
0.716561 -0.383010
0.771681 -0.412472
0.826801 -0.441935
0.881921 -0.471397
0.675569 0.451401
0.519682 -0.215259
0.577425 -0.239177
0.635167 -0.263095
0.692910 -0.287013
0.750652 -0.310930
0.808395 -0.334848
0.866137 -0.358766
0.923879 -0.382684
0.727536 0.486124
0.538279 -0.163285
0.598088 -0.181428
0.657896 -0.199571
0.717705 -0.217714
0.777514 -0.235856
0.837323 -0.253999
0.897132 -0.272142
0.956940 -0.290285
0.779503 0.520847
0.551692 -0.109738
0.612991 -0.121932
0.674290 -0.134125
0.735589 -0.146318
0.796888 -0.158511
0.858187 -0.170704
0.919486 -0.182897
0.980785 -0.195090
0.831470 0.555570
0.559791 -0.055135
0.621990 -0.061261
0.684189 -0.067387
0.746389 -0.073513
0.808588 -0.079639
0.870787 -0.085765
0.932986 -0.091891
0.995185 -0.098017
Elements
512
0 72 144 9
72 81 153 144
81 90 162 153
90 99 171 162
99 108 180 171
108 117 189 180
117 126 198 189
126 135 207 198
9 144 216 18
144 153 225 216
153 162 234 225
162 171 243 234
171 180 252 243
180 189 261 252
189 198 270 261
198 207 279 270
18 216 288 27
216 225 297 288
225 234 306 297
234 243 315 306
243 252 324 315
252 261 333 324
261 270 342 333
270 279 351 342
27 288 360 36
288 297 369 360
297 306 378 369
306 315 387 378
315 324 396 387
324 333 405 396
333 342 414 405
342 351 423 414
36 360 432 45
360 369 441 432
369 378 450 441
378 387 459 450
387 396 468 459
396 405 477 468
405 414 486 477
414 423 495 486
45 432 504 54
432 441 513 504
441 450 522 513
450 459 531 522
459 468 540 531
468 477 549 540
477 486 558 549
486 495 567 558
54 504 64 63
504 513 65 64
513 522 66 65
522 531 67 66
531 540 68 67
540 549 69 68
549 558 70 69
558 567 71 70
63 64 73 1
64 65 74 73
65 66 75 74
66 67 76 75
67 68 77 76
68 69 78 77
69 70 79 78
70 71 80 79
1 73 82 2
73 74 83 82
74 75 84 83
75 76 85 84
76 77 86 85
77 78 87 86
78 79 88 87
79 80 89 88
2 82 91 3
82 83 92 91
83 84 93 92
84 85 94 93
85 86 95 94
86 87 96 95
87 88 97 96
88 89 98 97
3 91 100 4
91 92 101 100
92 93 102 101
93 94 103 102
94 95 104 103
95 96 105 104
96 97 106 105
97 98 107 106
4 100 109 5
100 101 110 109
101 102 111 110
102 103 112 111
103 104 113 112
104 105 114 113
105 106 115 114
106 107 116 115
5 109 118 6
109 110 119 118
110 111 120 119
111 112 121 120
112 113 122 121
113 114 123 122
114 115 124 123
115 116 125 124
6 118 127 7
118 119 128 127
119 120 129 128
120 121 130 129
121 122 131 130
122 123 132 131
123 124 133 132
124 125 134 133
7 127 136 8
127 128 137 136
128 129 138 137
129 130 139 138
130 131 140 139
131 132 141 140
132 133 142 141
133 134 143 142
8 136 145 10
136 137 146 145
137 138 147 146
138 139 148 147
139 140 149 148
140 141 150 149
141 142 151 150
142 143 152 151
10 145 154 11
145 146 155 154
146 147 156 155
147 148 157 156
148 149 158 157
149 150 159 158
150 151 160 159
151 152 161 160
11 154 163 12
154 155 164 163
155 156 165 164
156 157 166 165
157 158 167 166
158 159 168 167
159 160 169 168
160 161 170 169
12 163 172 13
163 164 173 172
164 165 174 173
165 166 175 174
166 167 176 175
167 168 177 176
168 169 178 177
169 170 179 178
13 172 181 14
172 173 182 181
173 174 183 182
174 175 184 183
175 176 185 184
176 177 186 185
177 178 187 186
178 179 188 187
14 181 190 15
181 182 191 190
182 183 192 191
183 184 193 192
184 185 194 193
185 186 195 194
186 187 196 195
187 188 197 196
15 190 199 16
190 191 200 199
191 192 201 200
192 193 202 201
193 194 203 202
194 195 204 203
195 196 205 204
196 197 206 205
16 199 208 17
199 200 209 208
200 201 210 209
201 202 211 210
202 203 212 211
203 204 213 212
204 205 214 213
205 206 215 214
17 208 217 19
208 209 218 217
209 210 219 218
210 211 220 219
211 212 221 220
212 213 222 221
213 214 223 222
214 215 224 223
19 217 226 20
217 218 227 226
218 219 228 227
219 220 229 228
220 221 230 229
221 222 231 230
222 223 232 231
223 224 233 232
20 226 235 21
226 227 236 235
227 228 237 236
228 229 238 237
229 230 239 238
230 231 240 239
231 232 241 240
232 233 242 241
21 235 244 22
235 236 245 244
236 237 246 245
237 238 247 246
238 239 248 247
239 240 249 248
240 241 250 249
241 242 251 250
22 244 253 23
244 245 254 253
245 246 255 254
246 247 256 255
247 248 257 256
248 249 258 257
249 250 259 258
250 251 260 259
23 253 262 24
253 254 263 262
254 255 264 263
255 256 265 264
256 257 266 265
257 258 267 266
258 259 268 267
259 260 269 268
24 262 271 25
262 263 272 271
263 264 273 272
264 265 274 273
265 266 275 274
266 267 276 275
267 268 277 276
268 269 278 277
25 271 280 26
271 272 281 280
272 273 282 281
273 274 283 282
274 275 284 283
275 276 285 284
276 277 286 285
277 278 287 286
26 280 289 28
280 281 290 289
281 282 291 290
282 283 292 291
283 284 293 292
284 285 294 293
285 286 295 294
286 287 296 295
28 289 298 29
289 290 299 298
290 291 300 299
291 292 301 300
292 293 302 301
293 294 303 302
294 295 304 303
295 296 305 304
29 298 307 30
298 299 308 307
299 300 309 308
300 301 310 309
301 302 311 310
302 303 312 311
303 304 313 312
304 305 314 313
30 307 316 31
307 308 317 316
308 309 318 317
309 310 319 318
310 311 320 319
311 312 321 320
312 313 322 321
313 314 323 322
31 316 325 32
316 317 326 325
317 318 327 326
318 319 328 327
319 320 329 328
320 321 330 329
321 322 331 330
322 323 332 331
32 325 334 33
325 326 335 334
326 327 336 335
327 328 337 336
328 329 338 337
329 330 339 338
330 331 340 339
331 332 341 340
33 334 343 34
334 335 344 343
335 336 345 344
336 337 346 345
337 338 347 346
338 339 348 347
339 340 349 348
340 341 350 349
34 343 352 35
343 344 353 352
344 345 354 353
345 346 355 354
346 347 356 355
347 348 357 356
348 349 358 357
349 350 359 358
35 352 361 37
352 353 362 361
353 354 363 362
354 355 364 363
355 356 365 364
356 357 366 365
357 358 367 366
358 359 368 367
37 361 370 38
361 362 371 370
362 363 372 371
363 364 373 372
364 365 374 373
365 366 375 374
366 367 376 375
367 368 377 376
38 370 379 39
370 371 380 379
371 372 381 380
372 373 382 381
373 374 383 382
374 375 384 383
375 376 385 384
376 377 386 385
39 379 388 40
379 380 389 388
380 381 390 389
381 382 391 390
382 383 392 391
383 384 393 392
384 385 394 393
385 386 395 394
40 388 397 41
388 389 398 397
389 390 399 398
390 391 400 399
391 392 401 400
392 393 402 401
393 394 403 402
394 395 404 403
41 397 406 42
397 398 407 406
398 399 408 407
399 400 409 408
400 401 410 409
401 402 411 410
402 403 412 411
403 404 413 412
42 406 415 43
406 407 416 415
407 408 417 416
408 409 418 417
409 410 419 418
410 411 420 419
411 412 421 420
412 413 422 421
43 415 424 44
415 416 425 424
416 417 426 425
417 418 427 426
418 419 428 427
419 420 429 428
420 421 430 429
421 422 431 430
44 424 433 46
424 425 434 433
425 426 435 434
426 427 436 435
427 428 437 436
428 429 438 437
429 430 439 438
430 431 440 439
46 433 442 47
433 434 443 442
434 435 444 443
435 436 445 444
436 437 446 445
437 438 447 446
438 439 448 447
439 440 449 448
47 442 451 48
442 443 452 451
443 444 453 452
444 445 454 453
445 446 455 454
446 447 456 455
447 448 457 456
448 449 458 457
48 451 460 49
451 452 461 460
452 453 462 461
453 454 463 462
454 455 464 463
455 456 465 464
456 457 466 465
457 458 467 466
49 460 469 50
460 461 470 469
461 462 471 470
462 463 472 471
463 464 473 472
464 465 474 473
465 466 475 474
466 467 476 475
50 469 478 51
469 470 479 478
470 471 480 479
471 472 481 480
472 473 482 481
473 474 483 482
474 475 484 483
475 476 485 484
51 478 487 52
478 479 488 487
479 480 489 488
480 481 490 489
481 482 491 490
482 483 492 491
483 484 493 492
484 485 494 493
52 487 496 53
487 488 497 496
488 489 498 497
489 490 499 498
490 491 500 499
491 492 501 500
492 493 502 501
493 494 503 502
53 496 505 55
496 497 506 505
497 498 507 506
498 499 508 507
499 500 509 508
500 501 510 509
501 502 511 510
502 503 512 511
55 505 514 56
505 506 515 514
506 507 516 515
507 508 517 516
508 509 518 517
509 510 519 518
510 511 520 519
511 512 521 520
56 514 523 57
514 515 524 523
515 516 525 524
516 517 526 525
517 518 527 526
518 519 528 527
519 520 529 528
520 521 530 529
57 523 532 58
523 524 533 532
524 525 534 533
525 526 535 534
526 527 536 535
527 528 537 536
528 529 538 537
529 530 539 538
58 532 541 59
532 533 542 541
533 534 543 542
534 535 544 543
535 536 545 544
536 537 546 545
537 538 547 546
538 539 548 547
59 541 550 60
541 542 551 550
542 543 552 551
543 544 553 552
544 545 554 553
545 546 555 554
546 547 556 555
547 548 557 556
60 550 559 61
550 551 560 559
551 552 561 560
552 553 562 561
553 554 563 562
554 555 564 563
555 556 565 564
556 557 566 565
61 559 568 62
559 560 569 568
560 561 570 569
561 562 571 570
562 563 572 571
563 564 573 572
564 565 574 573
565 566 575 574
62 568 72 0
568 569 81 72
569 570 90 81
570 571 99 90
571 572 108 99
572 573 117 108
573 574 126 117
574 575 135 126
