Nodes
441
0.000000 0.000000
0.050000 0.000000
0.100000 0.000000
0.150000 0.000000
0.200000 0.000000
0.250000 0.000000
0.300000 0.000000
0.350000 0.000000
0.400000 0.000000
0.450000 0.000000
0.500000 0.000000
0.550000 0.000000
0.600000 0.000000
0.650000 0.000000
0.700000 0.000000
0.750000 0.000000
0.800000 0.000000
0.850000 0.000000
0.900000 0.000000
0.950000 0.000000
1.000000 0.000000
0.000000 0.050000
1.000000 0.150000
0.000000 0.200000
1.000000 0.200000
0.000000 0.250000
1.000000 0.250000
0.000000 0.300000
1.000000 0.300000
0.000000 0.350000
1.000000 0.350000
0.000000 0.400000
1.000000 0.400000
0.000000 0.450000
1.000000 0.450000
0.000000 0.500000
1.000000 0.500000
0.000000 0.550000
1.000000 0.550000
0.000000 0.600000
1.000000 0.600000
1.000000 0.050000
0.000000 0.100000
0.000000 0.650000
1.000000 0.650000
0.000000 0.700000
1.000000 0.700000
0.000000 0.750000
1.000000 0.750000
0.000000 0.800000
1.000000 0.800000
0.000000 0.850000
1.000000 0.850000
0.000000 0.900000
1.000000 0.900000
0.000000 0.950000
1.000000 0.950000
0.000000 1.000000
0.050000 1.000000
0.100000 1.000000
0.150000 1.000000
0.200000 1.000000
1.000000 0.100000
0.000000 0.150000
0.250000 1.000000
0.300000 1.000000
0.350000 1.000000
0.400000 1.000000
0.450000 1.000000
0.500000 1.000000
0.550000 1.000000
0.600000 1.000000
0.650000 1.000000
0.700000 1.000000
0.750000 1.000000
0.800000 1.000000
0.850000 1.000000
0.900000 1.000000
0.950000 1.000000
1.000000 1.000000
0.847139 0.147385
0.899062 0.152566
0.950843 0.145054
0.047981 0.050176
0.102169 0.048044
0.052502 0.202787
0.102566 0.197479
0.145242 0.204766
0.195744 0.199398
0.254054 0.196272
0.298012 0.203647
0.350131 0.203208
0.398305 0.204600
0.445845 0.196566
0.495184 0.196758
0.553727 0.198023
0.597038 0.201787
0.650986 0.195844
0.703938 0.200846
0.754321 0.198529
0.796896 0.199148
0.848833 0.203928
0.902233 0.199238
0.949259 0.198423
0.149567 0.050714
0.198444 0.048275
0.046588 0.251517
0.098136 0.250369
0.145003 0.249842
0.199823 0.245927
0.253814 0.249227
0.299619 0.252546
0.345273 0.251904
0.403684 0.245295
0.454164 0.251860
0.497012 0.253109
0.546629 0.247752
0.603272 0.246037
0.645461 0.248093
0.698043 0.245319
0.745536 0.248346
0.796018 0.247142
0.853987 0.246210
0.904417 0.249440
0.946199 0.248630
0.253498 0.046694
0.298545 0.046785
0.049013 0.302972
0.096862 0.297151
0.153167 0.297189
0.202870 0.298476
0.246781 0.295379
0.295821 0.302369
0.347267 0.295772
0.401937 0.295230
0.447024 0.300961
0.501559 0.302272
0.551681 0.295486
0.601503 0.301666
0.646442 0.303586
0.695263 0.296284
0.746745 0.297013
0.801151 0.297617
0.846891 0.297878
0.902695 0.295171
0.946746 0.303284
0.347316 0.051128
0.396543 0.049288
0.051613 0.354863
0.097695 0.354363
0.152757 0.347967
0.198587 0.354625
0.245175 0.348873
0.299391 0.349762
0.347991 0.351079
0.402040 0.352299
0.450021 0.352995
0.495197 0.346051
0.553061 0.349137
0.598135 0.353209
0.652144 0.348020
0.697316 0.354915
0.749306 0.347368
0.797760 0.351063
0.854445 0.346904
0.900715 0.345490
0.952539 0.352845
0.452269 0.052252
0.497641 0.052139
0.054559 0.397044
0.097810 0.399384
0.145246 0.397750
0.204622 0.401275
0.250463 0.397676
0.296916 0.402715
0.348327 0.399609
0.401230 0.396642
0.447947 0.401596
0.500205 0.400153
0.551444 0.395072
0.597547 0.395312
0.653525 0.400265
0.699960 0.404664
0.754609 0.404104
0.802557 0.401973
0.852376 0.395338
0.901614 0.404346
0.954179 0.401577
0.551702 0.053364
0.595254 0.051271
0.046405 0.445359
0.098208 0.447800
0.145593 0.450418
0.200515 0.449278
0.250237 0.452352
0.302390 0.449691
0.354558 0.450162
0.397140 0.450277
0.448387 0.445364
0.495992 0.453528
0.554868 0.449828
0.604795 0.445014
0.650818 0.448325
0.701474 0.452360
0.750699 0.445019
0.796624 0.448217
0.853375 0.445304
0.898498 0.454108
0.954298 0.448659
0.651845 0.048388
0.696943 0.054201
0.046158 0.496246
0.095427 0.499051
0.152341 0.497809
0.201789 0.497067
0.248384 0.500990
0.303290 0.498760
0.350146 0.495130
0.403666 0.502371
0.446444 0.495949
0.500166 0.503005
0.545870 0.503934
0.602891 0.500338
0.652096 0.498556
0.701149 0.498887
0.752161 0.498332
0.795067 0.502705
0.850902 0.498943
0.902762 0.497745
0.953257 0.501785
0.754241 0.054275
0.797166 0.051120
0.049391 0.550687
0.098896 0.554507
0.145236 0.548511
0.200894 0.548872
0.250773 0.546590
0.297429 0.553901
0.350574 0.549804
0.395352 0.546613
0.452994 0.549975
0.499310 0.549285
0.551040 0.554343
0.604820 0.546867
0.651103 0.546630
0.701582 0.550179
0.746703 0.548523
0.803775 0.548364
0.849182 0.552298
0.897609 0.548889
0.948525 0.547579
0.847818 0.049873
0.897192 0.052889
0.052298 0.600621
0.096298 0.601537
0.151309 0.598912
0.202738 0.597888
0.254689 0.595693
0.298173 0.601486
0.352334 0.604153
0.401036 0.602906
0.452971 0.603210
0.495883 0.595563
0.551333 0.595364
0.600379 0.602420
0.653052 0.603871
0.696125 0.603677
0.745356 0.599805
0.804293 0.602608
0.852943 0.603919
0.895077 0.597439
0.946226 0.602998
0.946114 0.054485
0.045415 0.097056
0.045961 0.649727
0.099554 0.648568
0.150078 0.647834
0.203649 0.646925
0.250456 0.647894
0.304385 0.651674
0.353387 0.648202
0.403768 0.645027
0.449510 0.654171
0.501754 0.649529
0.547417 0.649925
0.597977 0.654615
0.646824 0.650354
0.702743 0.649285
0.745300 0.650995
0.799203 0.652835
0.848610 0.650198
0.899986 0.650719
0.954866 0.653480
0.097087 0.096427
0.154555 0.101155
0.052244 0.700915
0.098138 0.700297
0.153509 0.697403
0.201575 0.701660
0.245986 0.696082
0.300565 0.704187
0.348158 0.695877
0.395924 0.699501
0.445277 0.698113
0.497607 0.695220
0.549648 0.701640
0.597977 0.704178
0.648314 0.703850
0.701432 0.695575
0.747485 0.697279
0.799842 0.703910
0.845748 0.697047
0.897812 0.703818
0.954518 0.702101
0.198163 0.098047
0.251101 0.104044
0.046725 0.752931
0.103306 0.751144
0.146156 0.747827
0.202450 0.754872
0.245141 0.748261
0.299695 0.751769
0.345134 0.747758
0.399159 0.751515
0.451138 0.747230
0.500376 0.749034
0.545135 0.745167
0.604623 0.751630
0.645807 0.748313
0.703676 0.747387
0.753303 0.747017
0.798916 0.745248
0.854849 0.747767
0.895400 0.748210
0.953439 0.745539
0.302427 0.097014
0.345167 0.095602
0.048980 0.800336
0.101562 0.796530
0.146067 0.803828
0.196856 0.802972
0.251306 0.803496
0.302602 0.804748
0.349537 0.799927
0.398512 0.795589
0.445789 0.798367
0.502073 0.804536
0.549856 0.803303
0.603584 0.802176
0.650697 0.799688
0.702664 0.795789
0.746079 0.796655
0.799364 0.802691
0.847487 0.798932
0.902120 0.798951
0.952045 0.803305
0.400757 0.097457
0.449088 0.103797
0.047966 0.852360
0.103349 0.845255
0.148707 0.853642
0.203471 0.854175
0.248004 0.849929
0.299560 0.852025
0.352810 0.845684
0.397196 0.852797
0.449736 0.854520
0.502841 0.849988
0.549539 0.851317
0.604991 0.851993
0.651793 0.854102
0.698451 0.850853
0.748202 0.854958
0.799200 0.849150
0.852393 0.850227
0.898231 0.853033
0.946674 0.850641
0.503626 0.097388
0.553225 0.098009
0.052337 0.901276
0.100610 0.896918
0.145161 0.897280
0.201969 0.901814
0.254845 0.895155
0.295307 0.903646
0.349946 0.902152
0.398699 0.901866
0.451069 0.901737
0.502677 0.897941
0.547507 0.902746
0.600487 0.896231
0.647790 0.900025
0.695015 0.896781
0.754280 0.900077
0.797813 0.899667
0.849837 0.900470
0.902083 0.902073
0.946251 0.901664
0.598576 0.099835
0.646087 0.097652
0.054050 0.950107
0.103563 0.952435
0.154160 0.949814
0.197297 0.951262
0.250366 0.951383
0.303338 0.952713
0.351294 0.952822
0.395880 0.950224
0.451598 0.952586
0.502042 0.953947
0.551591 0.952847
0.600302 0.948566
0.650446 0.946399
0.702686 0.949567
0.747060 0.952957
0.797373 0.946258
0.848725 0.947460
0.903330 0.945558
0.949548 0.954849
0.697313 0.103781
0.751453 0.104675
0.802804 0.104424
0.851217 0.104343
0.895440 0.099267
0.953981 0.104314
0.052950 0.150333
0.097741 0.151620
0.146591 0.150986
0.196929 0.146485
0.249591 0.145231
0.295133 0.151079
0.352568 0.147244
0.398158 0.153312
0.450682 0.150832
0.499818 0.151651
0.554393 0.150262
0.601836 0.146633
0.648622 0.146369
0.697689 0.153706
0.752510 0.153744
0.804853 0.146440
Elements
400
0 1 83 21
1 2 84 83
2 3 104 84
3 4 105 104
4 5 125 105
5 6 126 125
6 7 146 126
7 8 147 146
8 9 167 147
9 10 168 167
10 11 188 168
11 12 189 188
12 13 209 189
13 14 210 209
14 15 230 210
15 16 231 230
16 17 251 231
17 18 252 251
18 19 272 252
19 20 41 272
21 83 273 42
83 84 293 273
84 104 294 293
104 105 314 294
105 125 315 314
125 126 335 315
126 146 336 335
146 147 356 336
147 167 357 356
167 168 377 357
168 188 378 377
188 189 398 378
189 209 399 398
209 210 419 399
210 230 420 419
230 231 421 420
231 251 422 421
251 252 423 422
252 272 424 423
272 41 62 424
42 273 425 63
273 293 426 425
293 294 427 426
294 314 428 427
314 315 429 428
315 335 430 429
335 336 431 430
336 356 432 431
356 357 433 432
357 377 434 433
377 378 435 434
378 398 436 435
398 399 437 436
399 419 438 437
419 420 439 438
420 421 440 439
421 422 80 440
422 423 81 80
423 424 82 81
424 62 22 82
63 425 85 23
425 426 86 85
426 427 87 86
427 428 88 87
428 429 89 88
429 430 90 89
430 431 91 90
431 432 92 91
432 433 93 92
433 434 94 93
434 435 95 94
435 436 96 95
436 437 97 96
437 438 98 97
438 439 99 98
439 440 100 99
440 80 101 100
80 81 102 101
81 82 103 102
82 22 24 103
23 85 106 25
85 86 107 106
86 87 108 107
87 88 109 108
88 89 110 109
89 90 111 110
90 91 112 111
91 92 113 112
92 93 114 113
93 94 115 114
94 95 116 115
95 96 117 116
96 97 118 117
97 98 119 118
98 99 120 119
99 100 121 120
100 101 122 121
101 102 123 122
102 103 124 123
103 24 26 124
25 106 127 27
106 107 128 127
107 108 129 128
108 109 130 129
109 110 131 130
110 111 132 131
111 112 133 132
112 113 134 133
113 114 135 134
114 115 136 135
115 116 137 136
116 117 138 137
117 118 139 138
118 119 140 139
119 120 141 140
120 121 142 141
121 122 143 142
122 123 144 143
123 124 145 144
124 26 28 145
27 127 148 29
127 128 149 148
128 129 150 149
129 130 151 150
130 131 152 151
131 132 153 152
132 133 154 153
133 134 155 154
134 135 156 155
135 136 157 156
136 137 158 157
137 138 159 158
138 139 160 159
139 140 161 160
140 141 162 161
141 142 163 162
142 143 164 163
143 144 165 164
144 145 166 165
145 28 30 166
29 148 169 31
148 149 170 169
149 150 171 170
150 151 172 171
151 152 173 172
152 153 174 173
153 154 175 174
154 155 176 175
155 156 177 176
156 157 178 177
157 158 179 178
158 159 180 179
159 160 181 180
160 161 182 181
161 162 183 182
162 163 184 183
163 164 185 184
164 165 186 185
165 166 187 186
166 30 32 187
31 169 190 33
169 170 191 190
170 171 192 191
171 172 193 192
172 173 194 193
173 174 195 194
174 175 196 195
175 176 197 196
176 177 198 197
177 178 199 198
178 179 200 199
179 180 201 200
180 181 202 201
181 182 203 202
182 183 204 203
183 184 205 204
184 185 206 205
185 186 207 206
186 187 208 207
187 32 34 208
33 190 211 35
190 191 212 211
191 192 213 212
192 193 214 213
193 194 215 214
194 195 216 215
195 196 217 216
196 197 218 217
197 198 219 218
198 199 220 219
199 200 221 220
200 201 222 221
201 202 223 222
202 203 224 223
203 204 225 224
204 205 226 225
205 206 227 226
206 207 228 227
207 208 229 228
208 34 36 229
35 211 232 37
211 212 233 232
212 213 234 233
213 214 235 234
214 215 236 235
215 216 237 236
216 217 238 237
217 218 239 238
218 219 240 239
219 220 241 240
220 221 242 241
221 222 243 242
222 223 244 243
223 224 245 244
224 225 246 245
225 226 247 246
226 227 248 247
227 228 249 248
228 229 250 249
229 36 38 250
37 232 253 39
232 233 254 253
233 234 255 254
234 235 256 255
235 236 257 256
236 237 258 257
237 238 259 258
238 239 260 259
239 240 261 260
240 241 262 261
241 242 263 262
242 243 264 263
243 244 265 264
244 245 266 265
245 246 267 266
246 247 268 267
247 248 269 268
248 249 270 269
249 250 271 270
250 38 40 271
39 253 274 43
253 254 275 274
254 255 276 275
255 256 277 276
256 257 278 277
257 258 279 278
258 259 280 279
259 260 281 280
260 261 282 281
261 262 283 282
262 263 284 283
263 264 285 284
264 265 286 285
265 266 287 286
266 267 288 287
267 268 289 288
268 269 290 289
269 270 291 290
270 271 292 291
271 40 44 292
43 274 295 45
274 275 296 295
275 276 297 296
276 277 298 297
277 278 299 298
278 279 300 299
279 280 301 300
280 281 302 301
281 282 303 302
282 283 304 303
283 284 305 304
284 285 306 305
285 286 307 306
286 287 308 307
287 288 309 308
288 289 310 309
289 290 311 310
290 291 312 311
291 292 313 312
292 44 46 313
45 295 316 47
295 296 317 316
296 297 318 317
297 298 319 318
298 299 320 319
299 300 321 320
300 301 322 321
301 302 323 322
302 303 324 323
303 304 325 324
304 305 326 325
305 306 327 326
306 307 328 327
307 308 329 328
308 309 330 329
309 310 331 330
310 311 332 331
311 312 333 332
312 313 334 333
313 46 48 334
47 316 337 49
316 317 338 337
317 318 339 338
318 319 340 339
319 320 341 340
320 321 342 341
321 322 343 342
322 323 344 343
323 324 345 344
324 325 346 345
325 326 347 346
326 327 348 347
327 328 349 348
328 329 350 349
329 330 351 350
330 331 352 351
331 332 353 352
332 333 354 353
333 334 355 354
334 48 50 355
49 337 358 51
337 338 359 358
338 339 360 359
339 340 361 360
340 341 362 361
341 342 363 362
342 343 364 363
343 344 365 364
344 345 366 365
345 346 367 366
346 347 368 367
347 348 369 368
348 349 370 369
349 350 371 370
350 351 372 371
351 352 373 372
352 353 374 373
353 354 375 374
354 355 376 375
355 50 52 376
51 358 379 53
358 359 380 379
359 360 381 380
360 361 382 381
361 362 383 382
362 363 384 383
363 364 385 384
364 365 386 385
365 366 387 386
366 367 388 387
367 368 389 388
368 369 390 389
369 370 391 390
370 371 392 391
371 372 393 392
372 373 394 393
373 374 395 394
374 375 396 395
375 376 397 396
376 52 54 397
53 379 400 55
379 380 401 400
380 381 402 401
381 382 403 402
382 383 404 403
383 384 405 404
384 385 406 405
385 386 407 406
386 387 408 407
387 388 409 408
388 389 410 409
389 390 411 410
390 391 412 411
391 392 413 412
392 393 414 413
393 394 415 414
394 395 416 415
395 396 417 416
396 397 418 417
397 54 56 418
55 400 58 57
400 401 59 58
401 402 60 59
402 403 61 60
403 404 64 61
404 405 65 64
405 406 66 65
406 407 67 66
407 408 68 67
408 409 69 68
409 410 70 69
410 411 71 70
411 412 72 71
412 413 73 72
413 414 74 73
414 415 75 74
415 416 76 75
416 417 77 76
417 418 78 77
418 56 79 78
