nodes
1758
227.000000 192.000000
227.657290 197.367865
223.897776 196.089296
228.313924 202.730380
224.438915 201.937350
220.798248 200.175037
228.983337 208.197253
223.210158 206.802356
217.638760 204.339816
229.652781 213.664378
230.322225 219.131502
221.645164 213.446595
214.479070 208.504862
224.857894 220.362375
226.915968 224.496741
230.991669 224.598627
231.661112 230.065751
232.330556 235.532876
233.000000 241.000000
211.319380 212.669908
219.970847 223.208468
216.023006 217.794346
231.375000 246.125000
229.750000 251.250000
228.125000 256.375000
220.000000 282.000000
221.625000 276.875000
223.250000 271.750000
226.500000 261.500000
224.875000 266.625000
224.496246 228.890724
225.731500 235.576714
226.165505 240.919651
225.629304 245.857425
208.159690 216.834954
211.674538 221.551630
218.006250 231.456964
215.053398 226.413743
216.300000 285.600000
224.527558 250.679225
211.558070 282.645017
223.181161 255.480836
214.405653 278.752491
221.703795 260.274032
216.617828 274.392570
218.454264 269.769498
220.130368 265.045379
219.834374 236.492948
220.557664 241.197883
220.352748 245.667522
219.521982 250.118082
205.000000 221.000000
207.488425 225.112645
210.338422 229.510424
214.995213 238.002539
212.972940 233.879392
212.600000 289.200000
208.331824 286.271685
218.356623 254.594093
204.203381 283.437417
207.102723 279.903443
209.680811 276.143501
216.997383 259.071791
211.892592 272.118151
215.478611 263.512867
213.795194 267.881387
215.978568 241.747590
215.716127 245.479303
213.717687 253.717862
214.819903 249.527774
200.428571 224.285714
212.933261 242.249714
203.094046 228.475458
205.852127 232.655379
211.167879 240.060522
208.622608 236.646801
208.900000 292.800000
205.200000 296.400000
201.500000 300.000000
197.800000 303.600000
204.947318 289.798108
201.066924 286.835278
197.319188 283.932906
212.446481 257.908212
200.298342 280.768352
202.954017 277.419512
205.339750 273.852250
207.472040 270.073443
210.987776 262.060359
209.343946 266.132135
208.092871 256.785483
195.857143 227.571429
211.695524 244.952108
209.333150 252.928902
210.269568 248.885922
198.548342 231.801570
207.963552 243.233886
201.371973 235.991424
204.495136 239.990440
201.485210 293.283034
197.990599 296.741421
194.477125 300.155210
194.100000 307.200000
190.931525 303.490980
197.795176 290.187823
194.100568 287.102867
190.177218 283.819682
193.996869 281.224710
196.690563 278.355074
206.663735 260.712515
199.038811 275.210050
201.238403 271.790821
203.301678 268.229353
205.115924 264.549116
191.285714 230.857143
203.873281 255.518504
202.408852 259.579679
205.810602 252.462955
193.868654 235.148025
204.019750 248.508455
196.648771 239.490811
199.957512 243.896115
194.493216 293.524735
191.180869 296.785385
190.400000 310.800000
187.816830 299.890867
187.322110 306.706575
184.349862 302.786971
190.992789 290.406745
187.533027 287.610051
184.244222 285.326560
186.135051 283.180102
186.980839 280.832883
189.087895 280.362289
191.516799 278.888686
193.397731 276.401807
195.157567 273.323277
201.222370 263.243340
197.217129 269.937693
199.393883 266.492892
186.714286 234.142857
198.330194 262.394516
189.008176 238.436948
197.958380 259.356620
198.188388 253.489147
191.502758 242.914131
194.437921 247.741284
186.700000 314.400000
187.931824 293.569648
184.789356 296.478756
183.582260 309.720029
181.516638 299.124102
180.710725 305.388606
178.091758 301.466578
184.775544 290.599599
181.814712 287.928330
183.000000 318.000000
177.625000 319.375000
172.250000 320.750000
166.875000 322.125000
140.000000 329.000000
161.500000 323.500000
145.375000 327.625000
150.750000 326.250000
156.125000 324.875000
134.500000 327.250000
129.000000 325.500000
123.500000 323.750000
118.000000 322.000000
112.500000 320.250000
107.000000 318.500000
101.500000 316.750000
96.000000 315.000000
179.155917 285.511219
181.357456 283.210088
183.348379 280.943553
187.939489 278.161204
185.573267 279.300479
189.897833 277.490329
190.321070 275.446226
191.148347 272.096918
192.951463 268.082747
195.887566 264.546349
182.142857 237.428571
183.961236 241.516621
192.968569 261.257145
185.960743 245.941560
190.672210 256.256831
188.239398 250.917412
179.510913 312.283880
181.882741 293.299284
178.820608 295.736151
176.783568 307.557661
175.633101 297.922489
174.465093 303.388868
172.413015 299.750821
176.715061 287.622096
179.156429 290.353316
174.863386 314.112850
169.781233 315.493195
164.364725 316.700611
158.562409 317.889506
140.094816 323.769532
152.276365 319.262460
145.407084 320.488006
133.806713 320.816755
127.154536 318.325526
120.765164 316.437157
114.856061 314.755059
109.290066 313.084496
103.999770 311.300699
99.042397 309.189883
91.666667 311.500000
87.333333 308.000000
94.533321 306.518461
177.571429 240.714286
176.790070 283.343720
174.864824 285.199077
179.048617 281.279565
181.221809 279.146689
183.788121 276.887350
186.966336 275.650654
186.091521 271.102587
186.883116 265.552357
178.721939 244.208814
180.107094 248.397352
183.831110 259.030098
181.793542 253.377625
173.717106 283.503289
172.451231 309.206846
176.255589 292.564117
173.189128 294.627270
170.485829 304.732558
170.284426 296.605590
169.053214 300.846109
168.257747 298.149601
172.245486 286.486350
173.917299 289.500029
171.612272 283.646250
167.619321 310.393983
162.214433 311.301713
156.108720 312.135405
149.037502 313.146170
140.126203 314.353278
130.182867 312.378772
123.058328 310.721840
116.896039 309.267182
106.242276 306.116843
111.336742 307.779950
101.526358 304.145164
97.189401 301.811777
90.306129 303.504163
83.000000 304.500000
86.232019 300.324358
93.158427 299.159896
173.000000 244.000000
172.964410 246.964913
176.746891 279.211321
174.748519 281.661363
179.275657 277.688871
179.402568 273.760269
178.358630 267.474135
176.547896 261.059916
173.716339 251.260355
175.048343 255.160403
171.911676 280.711138
165.989475 305.554771
170.650440 291.360569
167.415326 293.659266
165.084487 301.029834
165.300903 297.220519
167.843447 283.544933
168.689622 287.615193
169.006727 280.931514
160.699509 305.960897
154.522699 306.240050
147.397028 306.546993
103.687151 299.517147
139.472585 306.611598
124.551413 304.887824
131.580502 305.883234
108.141465 301.259512
118.424939 303.851173
113.005394 302.677039
105.586511 295.265987
107.276543 291.420825
167.200000 242.600000
99.611832 297.443647
101.838017 293.417683
103.907493 289.753941
95.843738 295.058653
78.666667 301.000000
89.360275 296.265384
82.284954 297.021371
85.771604 293.165749
92.350706 292.402460
167.249765 246.278620
167.472724 250.733147
172.987509 276.193078
170.395083 269.433338
168.719201 262.457533
167.926394 256.149686
166.642535 278.071325
160.035440 300.697983
163.003049 289.304703
160.527168 295.343551
163.552467 282.604283
153.825803 300.253290
105.865342 286.481510
146.751630 299.946363
139.252867 299.723192
109.691521 296.754365
131.913100 299.459797
119.355421 298.618922
125.222823 299.112562
114.246200 297.868254
108.820028 288.021535
110.945239 292.683370
111.978005 289.148379
161.400000 241.200000
161.088328 245.573582
98.383830 291.242111
100.789256 287.736562
103.101604 284.564692
95.173746 288.775553
74.333333 297.500000
78.502182 293.582198
89.070428 289.498821
82.398885 289.858176
86.005915 286.361854
155.600000 239.800000
92.188947 286.047298
107.764248 283.646406
105.376797 281.742500
160.784688 250.453429
160.508588 256.171428
160.802284 272.116710
160.347094 263.103120
156.542229 280.210948
153.985985 294.056378
154.888237 287.382131
146.553397 293.236332
110.373768 285.155075
111.454635 283.030403
138.869086 292.944943
131.561553 293.145293
115.009382 293.465398
125.111931 293.520025
119.635627 293.705297
113.148255 286.184049
115.377585 289.715600
115.377400 287.156062
154.916854 244.317319
154.086594 249.296051
97.882660 285.412870
100.495939 282.332183
103.045383 279.542641
95.157435 282.820904
149.800000 238.400000
70.000000 294.000000
144.000000 237.000000
140.800000 232.600000
75.086851 289.893189
79.319907 286.317554
89.389301 283.075923
83.174012 283.004460
86.774758 279.890982
148.914052 242.557993
92.603129 279.990213
107.651843 279.204693
110.137663 281.156091
105.518261 277.025966
153.019299 255.107357
151.701821 261.847071
147.632998 277.928124
149.892302 269.619578
146.667470 285.977528
138.089766 285.578129
112.367936 279.312535
114.572329 282.611346
124.065734 288.194753
130.320033 286.701812
119.159081 289.295127
117.740634 285.681982
147.627780 247.310037
145.830870 252.862529
100.859908 277.101575
98.038172 279.831539
103.353138 274.276380
95.703789 277.091445
143.052876 240.008198
67.714286 289.285714
72.293572 285.809946
137.600000 228.200000
138.779354 236.566131
134.678553 232.465737
76.596131 282.518039
80.602290 279.426863
90.188525 276.949635
84.366193 276.506284
87.926689 273.728266
141.662334 244.518856
93.460030 274.153198
108.259756 274.759373
110.118740 276.953446
105.991427 273.236843
143.502222 259.226281
140.426815 266.594528
112.128125 275.066653
136.204956 275.918107
127.524409 280.338662
118.344402 279.244712
114.828861 276.434084
121.849177 283.380693
139.216792 249.739623
136.100993 255.626281
102.017450 272.018041
98.771775 274.396058
106.079711 269.859959
96.669893 271.485718
136.328989 240.992583
65.428571 284.571429
69.866237 281.483950
74.170307 278.498850
27.000000 103.000000
26.500000 106.500000
26.000000 110.000000
134.400000 223.800000
130.835324 228.126431
131.542703 236.933368
127.167265 232.567965
78.275219 275.644867
82.167339 272.937298
91.311645 271.067904
85.844685 270.360914
89.300456 267.888104
133.313354 245.947891
94.562755 268.480309
111.613276 271.460300
132.052093 262.191378
127.208872 269.157622
116.783430 271.923732
122.517725 275.081694
129.664143 251.355624
125.072865 257.193598
103.183977 266.575011
99.915591 268.926656
108.693303 265.510483
105.564859 264.580649
111.589225 266.791701
97.743083 265.900508
128.063984 241.698362
63.142857 279.857143
67.592636 277.037650
71.954064 274.296563
76.163162 271.673562
31.000000 101.500000
31.323284 105.800896
32.054637 110.000000
131.200000 219.400000
127.112362 223.662041
123.009809 228.041222
123.319945 237.185384
118.897644 232.596109
80.181360 269.187430
83.979415 266.840413
92.527736 265.459516
87.517005 264.623965
90.710775 262.509801
124.143120 246.739803
95.557395 262.939440
116.864422 263.521581
119.789849 251.992084
115.543468 255.865829
104.746431 261.324495
100.991436 263.393986
110.103403 260.517341
98.566613 260.211434
119.225823 242.014664
60.857143 275.142857
65.413791 272.499601
78.409358 265.243844
69.895161 269.939713
74.242268 267.515741
35.000000 100.000000
35.836212 105.271448
37.000000 110.000000
128.000000 215.000000
125.000000 210.250000
123.417986 219.055299
118.894997 223.424940
114.587943 228.033488
114.691066 237.234923
110.431938 232.631922
82.353555 263.135053
86.032998 261.208546
93.714175 260.064474
89.278978 259.408947
91.743386 258.477877
114.834588 247.152106
95.812764 257.711926
109.853830 253.463410
102.084117 256.107527
97.821439 255.367142
110.232224 241.914398
58.571429 270.428571
80.974404 259.205541
63.314064 267.865434
76.845960 261.055446
67.974326 265.413011
72.498391 263.129635
40.000000 100.000000
40.086627 105.146304
40.095943 110.000000
50.000000 100.000000
45.000000 100.000000
55.000000 100.000000
59.000000 103.333333
63.000000 106.666667
67.000000 110.000000
122.000000 205.500000
119.000000 200.750000
116.000000 196.000000
119.657224 214.148886
115.902379 208.700943
114.526626 218.578606
110.131603 223.619649
106.269878 228.456358
106.195715 236.965416
102.579730 232.656977
84.838467 257.551993
88.480431 256.142450
92.473998 255.165715
105.266036 246.493760
96.787856 252.209008
100.120550 249.977500
101.549287 240.878434
83.864177 253.682373
56.285714 265.714286
79.848913 255.002571
61.304832 263.102347
75.500686 256.606403
66.193324 260.676237
70.929243 258.506187
45.030013 105.679026
43.000000 110.000000
51.041311 106.567175
66.400000 116.000000
56.255327 111.156910
59.997014 114.304959
62.640290 117.561452
111.400000 194.200000
111.854159 201.972304
109.118211 212.828168
107.666184 206.427811
105.223760 219.797396
101.995426 225.032832
99.077417 229.477428
98.682097 236.061455
96.906011 232.618900
87.784138 252.309741
91.101307 250.789383
94.711530 250.149421
96.234536 245.717578
94.025850 238.288625
86.528600 249.441759
83.325442 248.968279
54.000000 261.000000
79.035136 250.439863
59.464343 258.103414
74.361190 251.796538
64.559898 255.674224
69.515207 253.562798
45.000000 113.000000
42.213731 114.791173
50.472134 115.685413
65.800000 122.000000
61.568121 122.077363
54.951057 120.695988
106.800000 192.400000
105.444528 199.004191
103.634541 205.099226
99.841513 217.205760
101.999203 211.211182
97.541454 222.515815
95.239586 227.146316
92.582983 232.240146
88.966105 245.844051
88.965607 239.465773
88.706284 235.044206
52.666667 255.333333
83.552580 244.965443
78.516976 245.341120
57.882335 252.738202
73.371237 246.508631
63.044827 250.343598
68.197032 248.235709
102.200000 190.600000
38.799182 116.986240
45.668634 118.900031
41.497385 121.408465
48.478157 123.447958
65.200000 128.000000
60.015649 127.641113
54.735870 127.512204
49.782331 128.304598
100.152615 196.997851
92.182615 225.185612
98.091544 203.307703
92.988257 221.160458
96.137633 209.568362
94.379301 215.618069
51.333333 249.666667
87.730036 227.146181
84.744029 233.505721
83.771047 239.344701
56.389198 247.127493
78.163435 239.385928
72.390916 240.620013
61.532786 244.705400
66.843923 242.504067
97.600000 188.800000
94.937884 195.157444
34.964395 119.451461
37.641687 123.908220
40.180465 128.147411
43.965156 125.723754
64.600000 134.000000
45.844917 129.692198
59.296410 133.395768
49.907944 132.670218
54.271788 132.958145
46.985676 132.486737
93.000000 187.000000
92.419459 201.575382
88.019501 220.741244
90.152158 208.160050
88.579765 214.766587
83.696719 220.495453
80.897181 224.667644
50.000000 244.000000
54.808439 241.390299
77.945116 231.679213
59.848484 238.824118
71.086943 234.254482
65.262255 236.408899
89.555310 193.288065
86.543544 199.660263
31.000000 122.000000
27.666667 125.333333
33.980823 126.630581
36.677515 130.840477
64.000000 140.000000
39.224455 134.781653
42.533552 132.045817
58.307087 138.951219
45.152353 135.128045
53.284146 138.084302
48.796918 137.019769
87.250000 185.500000
83.879452 191.321372
48.666667 238.333333
83.692924 206.508832
81.035943 214.991401
76.177885 221.774125
74.259459 226.821944
52.976810 235.621234
57.743237 232.802033
69.349822 227.724387
63.245968 229.975263
80.538129 197.331421
77.083739 203.773400
24.333333 128.666667
30.537756 129.691077
27.184386 133.059051
23.744050 136.872985
81.500000 184.000000
75.750000 182.500000
33.336537 133.783199
35.955595 137.421335
37.880805 140.136573
62.000000 145.333333
56.834963 144.375332
41.906784 139.814431
51.820122 143.307100
46.970712 141.858111
60.000000 150.666667
70.000000 181.000000
58.000000 156.000000
66.000000 177.333333
58.000000 160.666667
62.000000 173.666667
58.000000 165.333333
58.000000 170.000000
78.126005 189.182753
74.617328 194.573295
47.333333 232.666667
50.656370 229.996433
73.139762 210.815233
68.058001 219.097437
54.819464 226.882604
60.269061 223.286248
70.818831 200.278614
66.499778 206.254523
-65.000000 119.000000
-64.000000 125.000000
21.000000 132.000000
30.091665 137.088281
16.699465 137.815739
20.152633 141.265145
26.796070 140.839810
23.381077 144.905059
72.505105 186.810544
67.256854 183.998823
33.042455 140.620029
36.220480 143.385037
40.233278 145.428990
55.181115 149.855253
50.154433 148.859221
45.049324 147.382111
53.834496 155.454633
62.657949 180.446332
53.363301 161.079330
58.641080 176.347888
53.858862 166.598217
55.482693 171.721029
46.000000 227.000000
68.960783 191.459594
65.030511 196.455219
47.340500 224.954166
50.681478 221.435231
61.251507 212.067824
55.451745 217.016943
60.667838 201.592501
55.654129 206.501715
-58.762562 119.000000
-59.250000 125.250000
16.450661 129.978071
13.171783 142.606153
12.693699 135.024483
9.248729 139.840044
40.500000 224.000000
29.998304 144.446285
10.047519 147.041868
16.693655 145.673379
13.491724 149.839100
19.919528 148.994876
26.616245 148.541369
22.993796 152.543486
63.683419 187.971898
58.859462 184.001915
33.513049 147.778969
42.864505 153.590893
37.717979 150.936507
48.593407 154.917098
47.784044 161.526533
54.589405 179.458023
48.737292 168.208084
51.120641 174.229725
42.590033 220.338195
59.643996 192.431580
55.329211 197.145971
45.227285 217.059643
48.943014 210.820617
50.958289 201.740538
47.526825 205.037277
7.292607 151.245070
35.000000 221.000000
-54.500000 125.500000
-53.000000 119.000000
-49.000000 116.000000
-47.000000 111.000000
-49.750000 125.750000
11.901322 127.956143
8.294687 132.564913
6.200666 144.461043
4.906417 137.247879
1.918290 142.021964
3.565099 148.928485
29.500000 222.000000
24.000000 223.000000
18.200000 224.600000
1.324349 153.217387
4.899228 155.233631
36.423590 218.388225
30.061736 152.293804
10.615106 153.755905
16.569175 152.884110
13.508582 156.463699
19.303913 156.194856
26.039463 156.435681
21.870694 159.931632
54.550424 188.117743
49.769510 183.253747
34.044424 156.425089
39.844588 161.835768
42.363324 170.651039
45.594008 177.513357
38.888425 214.399514
50.004827 192.768134
45.814509 197.809904
40.918509 208.918788
42.742923 203.182755
8.105067 157.439982
30.860527 217.939776
-47.623878 121.273766
-44.912146 117.891588
-42.104173 113.447913
-44.499909 123.397993
-45.000000 126.000000
3.000000 124.000000
7.353090 125.934707
0.065194 120.576059
-3.000000 117.000000
3.680089 130.014035
0.120581 134.550498
-0.587178 146.787871
-2.913795 139.593178
-5.256392 144.799885
-2.621704 151.407844
12.400000 226.200000
24.748833 218.194634
18.532785 219.096108
12.316325 220.411950
-4.271850 155.784130
-0.574591 157.293106
5.938644 160.849025
2.839045 159.005321
32.327620 213.065008
29.086046 160.964039
10.569840 160.087970
16.047113 159.771446
12.939903 161.521630
17.852456 163.038256
23.911155 164.096014
19.851049 165.545545
44.394537 187.958751
38.971422 181.923739
32.150696 166.884694
35.086237 174.393436
33.968473 207.224298
39.281753 193.853009
35.984838 200.665531
8.800220 163.008985
25.645984 212.703716
-37.000000 116.000000
-40.117832 121.290919
-40.333333 127.333333
-5.164439 122.415025
-0.987931 126.872910
-8.261595 116.671150
-31.000000 116.000000
-13.511304 116.343043
-25.000000 116.000000
-19.000000 116.000000
-5.263851 131.239529
-8.515945 137.045003
-6.993871 149.831508
-10.591221 143.044356
-11.873352 148.596515
-8.290766 154.535543
6.600000 227.800000
-9.309949 158.854927
6.211590 221.943706
18.835821 213.230331
12.113147 214.424005
5.647436 216.016923
6.450229 164.650817
-5.634350 159.863173
1.046332 162.614247
-2.221006 161.138825
4.125101 163.802722
-10.137370 162.785779
-6.788634 163.584682
26.625735 206.407879
25.162507 169.838979
12.842206 166.576695
18.649501 170.239970
30.115538 188.520784
26.557856 177.863826
27.857396 198.917348
6.622472 167.776893
19.043851 206.728314
0.800000 229.400000
-33.529468 122.319394
-35.666667 128.666667
-12.100176 125.897726
-27.594666 123.301403
-20.914819 124.574654
-15.373063 134.711814
-16.737819 141.822198
-12.698781 153.640446
-17.226215 147.896720
-17.441284 153.221937
-13.278200 158.203019
0.284891 223.548832
-13.689831 162.305904
-0.457131 217.766357
11.641723 208.044411
4.726574 209.945983
-1.562214 212.059620
2.739070 167.050432
-3.779174 164.533067
-0.757215 165.986711
-14.062691 165.761735
-7.747314 166.804013
-10.975425 166.237543
-5.104662 167.020438
19.026189 199.237073
5.409709 170.601584
15.381371 179.411798
9.002919 173.977647
18.145135 190.340316
1.654412 171.387672
10.655321 201.102822
-5.391115 225.066157
-5.000000 231.000000
-173.000000 105.000000
-31.000000 130.000000
-25.684264 135.584340
-23.470773 141.696585
-22.873352 147.935520
-17.509467 157.985318
-22.400721 153.356124
-21.950234 158.226026
-17.455324 162.271562
-6.138305 219.438293
-17.232817 166.089235
-7.207620 214.059372
3.203203 203.674680
-3.277717 206.464158
-8.720932 209.068759
-14.303487 168.179173
-16.619106 169.292483
-3.516996 170.039412
-12.186583 169.402364
-8.576910 170.525199
8.747689 193.512962
0.261966 178.641579
5.433268 185.511833
-4.461369 174.794734
0.780928 197.196072
-11.466577 220.871374
-10.769556 226.349718
-10.200000 232.000000
-180.000000 111.000000
-178.000000 115.000000
-176.736765 108.202941
-171.016490 108.081435
-169.000000 105.000000
-35.833333 132.000000
-32.216276 137.103391
-29.908053 142.959418
-28.491184 148.731770
-27.421308 154.030811
-21.476742 162.658511
-26.514344 158.895436
-25.676938 163.379113
-20.918767 166.742816
-12.309644 215.673953
-20.157779 170.661339
-12.676360 210.825915
-11.176989 204.517593
-5.961433 201.002456
-13.897805 207.475610
-14.827293 172.452780
-19.171204 174.626424
-10.457467 176.556187
-2.738488 190.567669
-6.919556 183.665341
-9.663333 195.410011
-17.193545 216.818991
-16.586756 222.013845
-15.978990 227.437251
-15.400000 233.000000
-172.824445 116.217778
-166.912106 117.608916
-168.720778 111.241389
-165.000000 105.000000
-159.000000 103.000000
-147.000000 96.000000
-37.932318 139.286183
-40.666667 134.000000
-35.636731 144.684302
-33.835406 150.033959
-32.368112 155.146358
-31.071202 159.949691
-24.896673 167.553171
-29.892873 164.417592
-28.847119 168.510856
-24.196903 171.580692
-17.658655 211.909426
-23.618995 175.452673
-17.689700 206.766673
-14.927458 200.386706
-23.351677 178.305463
-18.760314 180.759623
-14.847445 189.590420
-18.056385 195.642113
-22.379193 212.483304
-22.088380 217.609090
-21.641542 222.886254
-21.135273 228.372506
-20.600000 234.000000
-163.311457 112.598810
-160.029345 114.800247
-161.000000 119.000000
-159.477852 109.039153
-154.000000 104.333333
-148.000000 101.000000
-143.136479 95.517060
-142.895519 99.929088
-139.000000 95.000000
-120.000000 97.000000
-133.465060 97.213976
-122.238631 97.497474
-129.000000 99.000000
-124.193396 97.931866
-126.364423 98.414316
-40.860094 146.485688
-43.085412 141.256324
-45.500000 136.000000
-38.906124 151.620997
-43.758961 153.402048
-37.178772 156.586184
-35.603587 161.329017
-34.093788 165.793309
-28.129813 172.751947
-32.774533 169.836755
-31.274821 172.555338
-27.926982 176.097085
-22.306894 207.255532
-26.922924 180.359991
-22.291544 201.874991
-22.923452 195.274448
-24.894190 185.012740
-23.347077 189.918455
-27.460957 207.859712
-27.288784 212.949502
-27.058791 218.146283
-26.732963 223.520820
-26.302664 229.137496
-25.800000 235.000000
-156.000000 119.000000
-154.620502 112.430243
-149.000000 105.666667
-146.068068 103.897899
-141.832436 104.210661
-138.386457 100.083446
-138.865916 103.175768
-117.000000 98.000000
-134.427581 101.326608
-120.040866 100.861630
-130.082411 102.239004
-123.303008 101.513694
-126.417707 102.162827
-48.413647 155.349554
-45.801229 148.390909
-48.012415 143.243621
-50.333333 138.000000
-50.543021 150.456782
-41.875788 158.259568
-46.424324 160.089377
-40.104331 162.948875
-38.343494 167.463082
-36.368380 171.730617
-33.287910 176.143399
-32.034727 182.133243
-27.707667 202.793625
-30.569859 187.323041
-28.257509 197.735815
-29.131850 192.453695
-32.495460 203.409026
-32.350891 208.245460
-32.249975 213.263218
-32.106149 218.463720
-31.882919 223.863725
-31.550649 229.571728
-31.000000 236.000000
-50.801359 162.038283
-52.871153 157.462273
-151.000000 119.000000
-149.943023 112.935575
-144.000000 107.000000
-114.600384 98.479923
-140.160086 107.138867
-114.071964 101.421700
-135.598653 106.159881
-118.745832 104.099876
-116.031512 102.473750
-130.104027 106.720386
-122.184713 105.479082
-125.976595 106.331278
-55.103125 152.753407
-52.810371 145.346593
-55.166667 140.000000
-57.503434 147.785239
-44.539835 164.709837
-54.996550 164.077748
-48.868616 166.533933
-53.045128 168.387155
-42.695811 169.249378
-40.787364 173.800547
-38.875557 178.578782
-37.322620 183.743693
-35.939912 189.074915
-33.050123 198.804011
-34.434941 194.186065
-36.511834 199.790568
-36.887502 203.401349
-37.131860 208.264868
-37.208438 213.308548
-37.198032 218.506593
-37.111033 223.880201
-36.951067 229.463420
-36.714286 235.285714
-57.130669 159.719306
-59.468777 155.290765
-146.281200 115.391365
-147.000000 119.000000
-142.404708 113.792839
-97.000000 102.000000
-138.976849 112.993980
-111.441823 99.111635
-107.304403 99.939119
-102.319940 100.936012
-111.037136 102.795504
-134.356428 112.339425
-113.421221 106.176628
-129.585438 111.787329
-120.753085 109.951785
-116.816110 108.338386
-125.009988 111.087627
-62.049035 150.759360
-60.000000 142.000000
-93.000000 105.666667
-63.750000 138.250000
-89.000000 109.333333
-67.500000 134.500000
-85.000000 113.000000
-71.250000 130.750000
-81.666667 117.666667
-75.000000 127.000000
-78.333333 122.333333
-64.980720 146.278283
-61.124663 162.088599
-58.926229 166.174454
-47.054557 170.999601
-56.950056 170.229555
-51.283602 172.681177
-55.224153 174.254217
-45.351213 175.521212
-43.807336 180.220847
-42.485217 185.203551
-41.321059 190.575931
-39.975714 196.851086
-41.471590 202.722386
-41.991062 207.960480
-42.227506 213.090989
-42.356919 218.288037
-42.421933 223.595316
-42.446076 229.031452
-42.428571 234.571429
-63.563049 157.978664
-66.281346 153.881783
-143.000000 119.000000
-138.065035 118.637853
-99.053964 106.199887
-133.348217 118.013729
-106.280116 105.676272
-110.058482 110.575743
-128.537255 117.295280
-114.413048 113.110919
-123.712249 116.354158
-118.975126 114.996675
-69.339416 149.885506
-68.401065 142.218916
-95.941522 111.857651
-72.137175 138.379981
-91.172917 116.028947
-76.031467 134.496949
-87.459911 120.929011
-79.951724 130.352083
-83.757384 125.778390
-72.789940 146.057439
-67.342179 160.736939
-64.821989 164.533883
-62.560465 168.330264
-60.543131 172.087685
-49.739833 177.022752
-58.804172 175.781648
-53.801576 178.281542
-57.413876 179.380103
-48.454673 181.512323
-47.445098 186.274161
-46.694709 191.357496
-46.359704 196.784668
-46.644645 202.205098
-47.045282 207.464035
-47.352615 212.654764
-47.598973 217.862118
-47.810802 223.119155
-47.987777 228.462896
-48.142857 233.857143
-70.144000 156.995598
-141.500000 125.000000
-73.278959 153.364560
-137.172260 124.429189
-132.516539 123.832249
-101.686075 113.763751
-127.521130 123.112498
-106.442386 116.008897
-111.696669 118.577369
-122.303121 122.121416
-116.984438 120.631119
-76.804026 149.867330
-76.620124 142.322954
-97.079327 118.884768
-80.770470 138.493878
-93.268064 124.267875
-85.076322 134.264131
-89.288062 129.478548
-80.778494 146.402270
-73.645067 160.121326
-70.792058 163.545535
-68.212179 167.047401
-65.879459 170.558701
-63.799364 173.998204
-62.008343 177.341016
-52.763328 182.408367
-60.493894 180.460724
-56.604635 182.845443
-59.343051 182.892463
-52.114358 186.804865
-51.768608 191.504669
-51.712056 196.510659
-51.918805 201.668509
-52.248552 206.866572
-52.592603 212.070222
-52.925755 217.286742
-53.249249 222.532821
-53.560995 227.820268
-53.857143 233.142857
-76.801668 163.263219
-140.000000 131.000000
-76.820417 156.830187
-79.973982 160.301311
-136.697386 130.217610
-80.380015 153.693735
-132.071073 129.790168
-126.775409 129.283768
-102.908033 121.842098
-120.996322 128.441334
-108.838172 124.653885
-114.922472 126.953295
-84.410070 150.646513
-85.322613 142.922868
-99.251531 127.783051
-90.355722 138.943801
-95.118604 133.658654
-89.164321 147.895785
-73.931479 166.395480
-71.315795 169.639318
-68.906942 172.910154
-66.709314 176.015601
-64.868859 178.809840
-63.386739 181.831381
-56.511288 186.778904
-61.169669 185.600697
-56.574507 191.187329
-56.795444 195.949914
-57.153051 200.964878
-57.542761 206.137796
-57.936448 211.361234
-58.336240 216.598080
-58.744425 221.850380
-59.159709 227.126791
-59.571429 232.428571
-76.794294 169.248633
-79.639130 166.395514
-82.760274 163.755997
-141.600000 135.800000
-137.190955 135.787003
-83.505302 157.531117
-86.218025 161.351136
-132.238781 135.830426
-87.442105 154.894140
-126.568467 135.821837
-120.062601 135.513859
-105.712073 131.334345
-112.838128 134.277817
-91.741939 152.666340
-96.056661 145.423004
-101.745981 138.426662
-95.099756 151.250222
-74.179986 172.268789
-79.407243 172.059163
-76.824349 174.805044
-71.710326 175.421854
-69.474755 178.674528
-67.077530 179.975558
-66.938958 182.899418
-65.662170 186.504969
-61.189777 190.373529
-64.611744 189.723411
-61.870831 194.850204
-62.469312 199.980389
-62.946709 205.264547
-63.385124 210.551355
-63.830935 215.825514
-64.286233 221.100756
-64.772762 226.392472
-65.285714 231.714286
-82.184984 169.467374
-85.194005 167.142659
-88.529756 165.123020
-143.200000 140.600000
-138.351008 141.244666
-133.122677 141.923774
-144.800000 145.400000
-90.059437 159.097082
-92.300142 163.316474
-127.210586 142.639259
-94.219336 157.072972
-120.190373 143.355534
-110.515921 144.054388
-98.490644 154.557627
-103.256162 150.484299
-84.477318 172.387645
-74.087452 177.779469
-79.106843 177.320589
-81.829648 174.824503
-76.841053 179.023088
-72.037913 182.404126
-69.582829 187.622005
-67.388456 192.658147
-68.015897 198.803578
-68.541968 204.282334
-68.992680 209.668186
-69.407838 215.006964
-69.856764 220.306021
-70.359546 225.606624
-71.000000 231.000000
-87.271127 170.368466
-90.394248 168.774912
-88.964516 173.295811
-94.008103 167.508589
-139.917957 146.657723
-134.695837 147.987646
-128.872717 149.477140
-141.844335 151.995489
-146.400000 150.200000
-96.596282 161.660831
-98.256793 166.567382
-122.219282 151.281368
-101.637212 159.909503
-114.845685 153.922557
-107.740359 157.422942
-86.486506 174.995436
-84.313424 177.376666
-76.953186 181.884886
-81.325766 180.761813
-75.266006 186.472988
-77.575446 184.424909
-72.714465 188.696266
-73.215723 192.307678
-73.843024 197.687474
-74.309422 203.331531
-74.690121 208.822770
-75.050792 214.198558
-75.439604 219.499532
-75.867881 224.754691
-76.333333 230.000000
-91.667007 172.239200
-94.967250 171.641858
-90.478986 176.586936
-92.226464 174.889998
-88.043302 176.769115
-98.809380 171.259448
-136.883963 153.908514
-125.308607 158.620597
-131.379347 156.057512
-148.000000 155.000000
-139.611757 159.599049
-144.255396 157.207490
-103.339639 171.857402
-103.435479 166.146927
-118.730365 161.876723
-111.152049 166.394097
-87.506517 179.273422
-85.412107 182.592823
-80.520744 185.435094
-83.806041 185.519356
-78.964085 190.083834
-79.862580 196.645488
-80.258108 202.502412
-80.527527 208.084532
-80.771404 213.479476
-81.031153 218.737737
-81.337738 223.900418
-81.666667 229.000000
-95.384414 176.250318
-98.831251 174.583752
-91.467146 179.955556
-101.896205 176.387008
-134.459197 162.243029
-123.017335 168.877528
-128.894849 165.283348
-151.600000 159.600000
-147.345860 162.264213
-137.915591 168.017585
-142.796522 165.035072
-106.499882 179.343850
-108.648978 173.822304
-117.318832 173.229229
-113.028001 176.404762
-89.073080 184.491233
-86.138107 189.222711
-86.233578 195.964581
-86.345043 201.943245
-86.423668 207.568752
-86.506058 212.941058
-86.624982 218.109263
-86.791890 223.110433
-87.000000 228.000000
-95.485524 183.703310
-99.274380 180.093086
-92.361228 186.055670
-103.396350 183.640241
-208.000000 190.000000
-200.666667 182.666667
-204.333333 186.333333
-132.786722 171.363523
-121.466541 179.500967
-127.430974 175.238521
-150.808978 167.207922
-155.200000 164.200000
-146.279477 170.254666
-136.827134 176.879426
-141.596118 173.426414
-107.263260 186.273986
-113.510411 183.839833
-92.572294 190.004107
-92.627021 195.817164
-92.465548 201.751147
-92.312832 207.359291
-92.203698 212.666513
-92.164940 217.692864
-92.211083 222.446580
-92.333333 227.000000
-99.330094 188.880544
-106.173723 190.864780
-197.000000 179.000000
-194.516947 183.852517
-208.000000 196.000000
-202.964102 192.515344
-197.253896 188.823695
-208.000000 202.000000
-206.000000 207.000000
-120.804066 189.448491
-123.449026 193.224456
-132.070416 180.931805
-127.202600 186.923102
-136.639846 185.453902
-140.763081 181.848671
-158.800000 168.800000
-149.897438 175.353932
-154.437275 172.122770
-145.269714 178.544740
-127.271965 192.530232
-112.159260 192.128054
-117.722759 194.411811
-98.993848 195.972267
-98.523057 201.956069
-98.112754 207.511925
-97.796974 212.732381
-97.593154 217.603107
-97.544690 222.030109
-97.666667 226.000000
-105.210787 196.816864
-111.037369 198.081381
-191.833333 178.833333
-191.349114 183.962071
-191.403357 189.315940
-201.876383 198.641144
-196.368124 196.184313
-191.134242 194.947253
-200.497887 204.165605
-198.756921 209.095013
-204.000000 212.000000
-122.048452 196.511979
-126.820857 198.051710
-186.666667 178.666667
-133.134482 190.421532
-132.294928 194.582456
-137.279376 191.851718
-140.166250 189.427267
-181.500000 178.500000
-144.255465 186.509034
-162.400000 173.400000
-148.752836 183.542490
-158.318915 177.171251
-153.564409 180.505974
-166.000000 178.000000
-171.166667 178.166667
-176.333333 178.333333
-131.324643 199.412014
-116.393068 199.638741
-121.256538 201.226422
-104.415872 202.593879
-103.788877 208.025805
-103.254629 213.167326
-102.841446 217.982843
-103.326509 222.135398
-103.000000 225.000000
-110.026784 203.597002
-115.291841 204.822270
-186.468412 183.910178
-186.371865 189.181113
-186.230460 194.370391
-195.277889 201.838819
-190.397411 200.199382
-185.882426 199.177816
-193.871659 206.742167
-192.178413 211.139012
-196.706518 213.538673
-201.400000 216.200000
-125.820256 202.625201
-130.153891 203.911682
-181.387678 183.810993
-135.558385 201.177796
-137.948476 196.257767
-142.926620 193.693218
-147.240505 191.145925
-176.155113 183.733549
-151.848809 188.571319
-163.408232 182.856041
-156.975448 185.931733
-170.524705 183.609690
-134.118658 205.224773
-137.353864 206.542348
-120.210635 206.095083
-124.823052 207.275725
-109.215691 208.883984
-108.527123 213.973478
-107.900982 218.859567
-107.382681 223.445237
-107.000000 227.666667
-114.383413 209.944496
-119.296259 211.045465
-181.387224 189.083126
-181.502193 194.192161
-181.694074 198.876686
-189.278747 204.864597
-185.065212 203.361913
-181.978428 202.252959
-187.853728 209.100515
-186.318192 212.963200
-190.261212 215.138259
-194.453403 217.675151
-198.800000 220.400000
-129.183128 208.323593
-133.167447 209.205130
-176.273551 189.131550
-139.063292 203.513302
-141.759755 200.588841
-145.558054 198.060813
-149.807990 195.801153
-154.414932 193.636659
-170.839128 189.342836
-159.494287 191.588653
-165.080979 189.992887
-139.456332 207.520633
-141.318131 206.133133
-136.672954 209.824936
-139.684155 209.910571
-123.968823 212.040761
-128.431554 212.845757
-113.573060 215.017487
-112.789831 220.070041
-111.942021 225.167298
-111.000000 230.333333
-118.456948 216.077196
-123.236657 216.977873
-176.694221 194.387112
-177.387850 199.410130
-178.862638 204.808355
-183.605581 207.306518
-182.446686 211.384206
-182.112672 214.364452
-184.594248 216.216859
-188.078151 218.775033
-192.032756 221.613330
-196.200000 224.600000
-132.587684 213.381821
-136.418576 213.582450
-171.652149 194.867426
-144.258558 204.217708
-147.867799 202.268540
-151.984710 200.393626
-161.355006 196.999531
-156.496336 198.617193
-166.464292 195.707916
-142.671295 209.151207
-145.944033 207.879831
-139.989264 213.367193
-143.486380 212.719290
-127.848499 217.587465
-132.237057 217.842021
-117.655099 221.274609
-116.666239 226.776697
-115.000000 233.000000
-122.528641 222.186272
-127.386945 222.652933
-172.608429 200.048792
-173.490191 204.874542
-173.623786 208.529036
-177.422263 210.839970
-179.460345 215.599115
-182.107801 218.969702
-185.489274 222.131009
-189.397036 225.391205
-193.600000 228.800000
-136.372899 217.736840
-140.295066 217.301307
-167.732602 200.895906
-149.649435 206.412461
-158.174764 203.480847
-153.732839 204.915569
-162.896300 202.096307
-147.148237 211.771563
-151.080631 210.650597
-144.105635 216.604958
-147.988470 215.841537
-132.059450 222.619772
-136.486948 222.189582
-121.806800 227.845775
-121.000000 234.000000
-127.049607 228.232605
-132.079599 227.757291
-168.975760 205.671023
-170.601921 209.933287
-173.050712 213.892559
-175.816139 217.938932
-178.897385 221.753003
-182.441467 225.343599
-186.430318 228.962738
-191.000000 233.000000
-140.681674 221.493738
-144.686699 220.622969
-164.325673 207.035035
-155.112378 209.383156
-159.539265 208.390685
-155.963635 212.904553
-152.837792 215.470127
-148.483655 219.701068
-151.409321 219.050267
-136.795827 226.860644
-141.224002 225.837708
-127.000000 235.000000
-137.383031 231.611595
-132.385583 233.147645
-129.000000 279.000000
-166.083431 211.894188
-168.705005 216.480849
-171.839621 220.748594
-175.258620 224.734721
-178.988690 228.525520
-183.013871 232.247624
-187.250000 236.000000
-149.419896 223.456083
-145.428365 224.732843
-160.371195 214.247741
-156.532535 218.705444
-153.101752 221.647564
-141.972141 230.225199
-146.331724 228.962080
-127.000000 241.000000
-133.178457 238.308186
-142.969356 234.449471
-138.385664 236.228502
-132.846445 277.397315
-131.870250 274.535167
-136.625623 275.822657
-141.000000 274.000000
-164.169062 219.399862
-167.653074 223.847074
-171.346702 227.952184
-175.269465 231.795120
-179.345811 235.451979
-183.500000 239.000000
-155.319534 225.759434
-150.747077 227.659761
-159.763624 222.766640
-147.186697 233.166868
-151.754673 232.393273
-147.619429 236.162353
-129.000000 245.500000
-144.525253 238.280281
-134.727069 243.026164
-139.977342 240.612456
-134.697735 270.136856
-139.543496 269.453249
-141.851579 268.147465
-143.666667 270.000000
-163.227908 227.336740
-167.225230 231.476700
-171.412998 235.272747
-175.603234 238.772717
-179.750000 242.000000
-131.000000 250.000000
-157.909974 231.541387
-151.622692 237.894594
-156.374226 236.382650
-147.064415 241.950487
-136.851868 247.658292
-142.223907 244.959829
-138.000000 265.000000
-135.666667 260.000000
-133.333333 255.000000
-142.290375 264.698588
-146.333333 266.000000
-163.154941 235.382697
-167.524626 239.052599
-171.951727 242.456008
-176.000000 245.000000
-139.478934 252.633141
-159.343929 239.271658
-150.102652 246.175662
-154.950327 242.694838
-145.029501 249.569017
-142.934877 258.742189
-149.000000 262.000000
-163.451308 243.107811
-168.366300 246.870720
-174.150493 249.875973
-148.324126 254.270402
-158.653158 247.153979
-153.237093 250.694694
-152.000000 258.500000
-172.300986 254.751947
-163.573817 252.551204
-155.000000 255.000000
-170.451479 259.627920
-163.519319 259.018137
-156.666667 259.333333
-168.601971 264.503893
-163.332312 263.943435
-158.333333 263.666667
-166.753068 269.378274
-162.693967 268.396449
-160.000000 268.000000
-165.000000 274.000000
-160.818508 271.796958
-157.974040 271.714259
-159.642513 276.435221
-156.025960 275.285741
-154.000000 279.000000
elements
1600
2 1 4 5
3 6 7 4
5 4 7 8
9 11 7 6
8 7 11 12
10 13 11 9
15 14 13 10
12 11 21 19
13 20 21 11
16 30 14 15
14 30 20 13
17 31 30 16
18 32 31 17
22 33 32 18
19 21 35 34
21 20 37 35
30 36 37 20
23 39 33 22
24 41 39 23
38 40 42 25
28 43 41 24
25 42 44 26
26 44 45 27
27 45 46 29
29 46 43 28
31 47 36 30
32 48 47 31
33 49 48 32
39 50 49 33
34 35 52 51
35 37 53 52
47 54 55 36
36 55 53 37
56 57 40 38
41 58 50 39
57 59 60 40
40 60 61 42
43 62 58 41
42 61 63 44
46 64 62 43
45 65 64 46
44 63 65 45
48 66 54 47
49 67 66 48
50 69 67 49
58 68 69 50
51 52 72 70
52 53 73 72
66 71 74 54
53 55 75 73
54 74 75 55
76 80 57 56
80 81 59 57
62 83 68 58
81 82 84 59
59 84 85 60
60 85 86 61
61 86 87 63
64 88 83 62
63 87 89 65
65 89 88 64
67 92 71 66
83 90 93 68
69 94 92 67
68 93 94 69
70 72 95 91
71 92 96 74
72 73 97 95
73 75 98 97
74 96 98 75
77 99 80 76
78 100 99 77
79 101 100 78
102 103 101 79
99 104 81 80
104 105 82 81
105 106 107 82
82 107 108 84
88 109 90 83
84 108 110 85
85 110 111 86
86 111 112 87
87 112 113 89
89 113 109 88
109 116 115 90
93 90 115 117
91 95 118 114
92 94 119 96
117 119 94 93
95 97 120 118
97 98 121 120
98 96 119 121
100 122 104 99
101 123 122 100
103 125 123 101
124 126 103 102
126 127 125 103
122 128 105 104
128 129 106 105
131 106 129 130
131 132 133 106
106 133 134 107
107 134 135 108
108 135 136 110
113 137 116 109
110 136 138 111
111 138 139 112
112 139 137 113
114 118 142 140
137 141 143 116
117 115 144 119
143 144 115 116
118 120 145 142
120 121 146 145
121 119 144 146
123 148 128 122
125 149 148 123
147 150 126 124
127 151 149 125
150 152 127 126
152 153 151 127
148 154 129 128
154 155 130 129
155 173 174 130
130 174 175 131
131 175 177 132
177 176 133 132
133 176 178 134
134 178 179 135
135 179 180 136
136 180 181 138
138 181 182 139
139 182 141 137
140 142 184 183
185 143 141 182
142 145 186 184
143 185 187 144
145 146 188 186
146 144 187 188
156 189 150 147
149 190 154 148
151 191 190 149
189 192 152 150
153 193 191 151
192 194 153 152
194 195 193 153
190 197 155 154
197 196 173 155
157 198 189 156
158 199 198 157
159 200 199 158
161 201 200 159
165 202 162 160
164 203 201 161
162 202 204 163
163 204 203 164
166 205 202 165
167 206 205 166
168 207 206 167
169 208 207 168
170 209 208 169
171 210 209 170
172 211 210 171
212 214 211 172
196 217 216 173
173 216 218 174
174 218 219 175
175 219 220 177
176 221 179 178
176 177 220 221
221 222 180 179
181 223 185 182
222 223 181 180
183 184 224 215
184 186 225 224
187 185 223 226
186 188 227 225
188 187 226 227
198 229 192 189
191 230 197 190
193 231 230 191
229 232 194 192
195 233 231 193
232 234 195 194
234 235 233 195
230 237 196 197
237 236 217 196
236 238 228 217
199 239 229 198
200 240 239 199
201 241 240 200
203 242 241 201
202 205 243 204
204 243 242 203
206 244 243 205
207 245 244 206
208 246 245 207
210 247 248 209
209 248 246 208
211 249 247 210
214 250 249 211
213 251 214 212
252 253 251 213
251 254 250 214
215 224 256 255
217 228 258 216
216 258 257 218
219 218 257 259
221 220 260 222
259 260 220 219
222 260 261 223
226 223 261 262
224 225 263 256
225 227 264 263
227 226 262 264
238 265 258 228
239 266 232 229
231 267 237 230
233 268 267 231
266 269 234 232
269 270 235 234
235 270 268 233
267 272 236 237
272 271 238 236
271 273 265 238
240 274 266 239
241 275 274 240
242 276 275 241
243 278 276 242
245 279 280 244
244 280 278 243
249 277 281 247
246 282 279 245
247 281 283 248
248 283 282 246
250 287 277 249
287 288 284 277
288 289 285 284
254 290 287 250
253 292 254 251
291 293 253 252
293 294 292 253
292 295 290 254
255 256 296 286
256 263 297 296
259 257 298 260
265 298 257 258
261 260 298 299
262 261 299 300
263 264 301 297
264 262 300 301
265 273 302 298
274 303 269 266
268 304 272 267
303 305 270 269
270 305 304 268
304 306 271 272
306 302 273 271
275 307 303 274
276 309 307 275
278 310 309 276
277 284 311 281
280 312 310 278
282 313 314 279
279 314 312 280
281 311 315 283
283 315 313 282
289 308 316 285
284 285 317 311
285 316 318 317
286 296 320 319
290 321 288 287
321 322 289 288
322 323 308 289
295 324 321 290
325 326 293 291
294 327 295 292
326 328 294 293
328 329 327 294
327 331 324 295
323 333 332 308
296 297 334 320
297 301 335 334
302 336 299 298
301 300 337 335
300 299 336 337
302 306 338 336
307 339 305 303
339 340 304 305
304 340 338 306
309 341 339 307
308 332 342 316
310 344 341 309
312 345 344 310
311 317 346 315
314 347 345 312
315 346 348 313
313 348 347 314
316 342 349 318
317 318 350 346
318 349 351 350
319 320 352 330
320 334 353 352
324 354 322 321
354 355 323 322
355 356 333 323
331 357 354 324
359 362 326 325
362 363 328 326
329 364 331 327
363 365 329 328
365 366 364 329
330 352 367 358
364 368 357 331
332 370 343 342
333 369 370 332
356 371 369 333
334 335 372 353
335 337 373 372
337 336 375 373
336 338 374 375
341 376 340 339
340 376 374 338
344 377 376 341
342 343 379 349
370 378 379 343
347 380 381 345
345 381 377 344
346 350 382 348
348 382 380 347
351 383 382 350
349 379 383 351
352 353 384 367
353 372 385 384
357 387 355 354
387 386 356 355
386 388 371 356
368 389 387 357
358 367 390 360
391 392 362 359
360 390 394 361
361 394 395 393
392 396 363 362
396 397 365 363
366 398 368 364
397 399 366 365
399 400 398 366
367 384 401 390
398 402 389 368
369 404 378 370
371 403 404 369
388 405 403 371
372 373 406 385
373 375 407 406
375 374 409 407
377 409 374 376
410 409 377 381
378 412 411 379
404 408 412 378
382 383 413 380
380 413 410 381
379 411 413 383
384 385 414 401
385 406 415 414
389 417 386 387
417 416 388 386
416 418 405 388
402 419 417 389
390 401 420 394
421 422 392 391
422 423 396 392
393 395 428 427
394 420 429 395
395 429 430 428
423 431 397 396
431 432 399 397
400 433 402 398
432 434 400 399
434 435 433 400
401 414 436 420
433 437 419 402
403 438 408 404
405 418 438 403
406 407 439 415
407 409 440 439
412 408 438 441
410 442 440 409
412 441 442 411
442 410 413 411
414 415 443 436
415 439 444 443
419 446 416 417
446 445 418 416
447 418 445 448
449 438 418 447
437 450 446 419
420 436 451 429
452 453 422 421
453 454 423 422
454 455 431 423
424 456 457 425
425 457 458 426
427 428 460 459
428 430 461 460
429 451 462 430
430 462 463 461
455 464 432 431
464 465 434 432
435 466 437 433
465 467 435 434
467 468 466 435
436 443 469 451
466 470 450 437
439 440 471 444
440 442 441 471
449 471 441 438
472 469 443 444
473 472 444 471
450 475 445 446
448 445 475 474
448 474 476 447
449 447 476 471
470 477 475 450
451 469 478 462
479 480 453 452
480 482 454 453
482 483 455 454
483 481 464 455
456 484 485 457
458 457 485 486
459 460 489 487
460 461 490 489
461 463 491 490
462 478 492 463
463 492 493 491
481 494 465 464
494 495 467 465
468 496 470 466
495 497 468 467
497 498 496 468
469 472 499 478
496 500 477 470
501 473 471 476
472 473 501 499
477 502 474 475
502 501 476 474
503 502 477 500
478 499 504 492
505 507 480 479
508 506 494 481
507 509 482 480
509 510 483 482
510 508 481 483
511 512 485 484
486 485 512 513
487 489 523 488
488 523 524 520
489 490 525 523
490 491 526 525
491 493 527 526
492 504 528 493
493 528 529 527
506 530 495 494
530 531 497 495
531 532 498 497
500 496 498 532
499 501 533 504
503 500 532 534
501 502 535 533
503 534 535 502
504 533 536 528
539 537 530 506
538 540 507 505
541 539 506 508
540 542 509 507
542 543 510 509
543 541 508 510
515 544 512 511
544 545 513 512
516 517 546 514
514 546 544 515
518 548 546 517
519 549 548 518
547 550 549 519
522 521 552 551
520 524 552 521
523 525 553 524
524 553 554 552
525 526 555 553
526 527 556 555
527 529 557 556
528 536 558 529
529 558 559 557
537 560 531 530
560 561 532 531
562 534 532 561
533 535 563 536
562 563 535 534
536 563 564 558
566 565 560 537
568 566 537 539
567 569 540 538
570 568 539 541
569 571 542 540
571 572 543 542
572 570 541 543
573 545 544 546
573 546 548 575
576 577 550 547
549 578 575 548
550 577 578 549
551 552 580 579
552 554 581 580
554 553 583 581
553 555 582 583
555 556 584 582
556 557 585 584
557 559 586 585
558 564 586 559
561 560 565 587
562 561 587 563
564 563 587 588
586 564 588 589
591 587 565 566
592 591 566 568
590 593 569 567
594 592 568 570
593 595 571 569
595 596 572 571
596 594 570 572
573 575 599 574
574 599 600 598
575 578 601 599
602 603 577 576
603 604 578 577
578 604 605 601
579 580 606 597
580 581 608 606
584 585 607 609
581 583 610 608
583 582 611 610
584 609 611 582
585 586 613 607
586 589 614 613
614 589 588 615
615 588 587 591
612 616 593 590
617 615 591 592
618 617 592 594
616 619 595 593
619 620 596 595
620 618 594 596
597 606 622 621
598 600 624 623
599 601 626 600
600 626 625 624
601 605 628 626
627 629 603 602
629 631 604 603
631 630 605 604
605 630 632 628
606 608 634 622
609 607 613 635
608 610 636 634
610 611 637 636
611 609 635 637
635 613 639 638
640 641 616 612
642 614 615 617
639 613 614 642
641 643 619 616
644 642 617 618
643 645 620 619
645 644 618 620
621 622 646 633
622 634 647 646
623 624 650 648
624 625 651 650
626 628 654 625
625 654 653 651
652 655 629 627
628 632 656 654
655 657 631 629
657 658 630 631
658 656 632 630
633 646 660 659
634 636 662 647
636 637 663 662
638 663 637 635
638 639 664 663
665 664 639 642
661 666 641 640
666 667 643 641
668 665 642 644
667 669 645 643
669 668 644 645
646 647 670 660
647 662 671 670
648 650 673 649
649 673 674 672
650 651 678 673
651 653 679 678
681 682 655 652
653 683 680 679
654 656 683 653
682 684 657 655
684 685 658 657
685 683 656 658
659 660 694 676
660 670 695 694
696 697 666 661
662 663 698 671
664 699 698 663
664 665 668 699
697 700 667 666
700 701 669 667
701 699 668 669
670 671 702 695
671 698 703 702
672 674 675 706
673 678 707 674
675 709 708 706
674 707 710 675
675 710 711 709
676 694 712 677
677 712 713 687
678 679 714 707
679 680 715 714
716 715 680 683
686 717 682 681
717 718 684 682
718 719 685 684
719 716 683 685
688 720 717 686
687 713 721 689
690 722 720 688
689 721 723 691
692 724 722 690
693 725 724 692
691 723 725 693
694 695 727 712
695 702 728 727
726 729 697 696
729 730 700 697
731 703 698 699
730 732 701 700
732 731 699 701
702 703 733 728
734 733 703 731
704 735 736 705
706 708 739 737
708 738 740 739
742 710 707 714
709 744 738 708
744 745 743 738
711 746 744 709
710 742 747 711
747 748 746 711
712 727 749 713
713 749 750 721
751 742 714 715
752 753 716 719
753 751 715 716
720 754 718 717
754 752 719 718
722 755 754 720
721 750 756 723
724 757 755 722
725 758 757 724
723 756 758 725
741 759 729 726
727 728 760 749
728 733 761 760
759 762 730 729
762 763 732 730
763 734 731 732
761 733 734 764
765 764 734 763
735 769 768 736
737 739 774 773
738 743 775 740
739 740 776 774
740 775 777 776
743 766 778 775
766 783 782 778
767 784 759 741
742 751 785 747
745 786 766 743
744 746 787 745
787 788 786 745
748 789 787 746
747 785 790 748
790 791 789 748
749 760 792 750
756 750 792 793
753 794 785 751
755 795 752 754
795 794 753 752
757 796 795 755
793 797 758 756
758 797 796 757
784 798 762 759
760 761 799 792
761 764 800 799
798 801 763 762
765 763 801 802
765 802 800 764
786 803 783 766
779 804 784 767
768 769 805 772
770 806 805 769
771 807 806 770
772 805 808 809
773 774 814 811
774 776 815 814
775 778 816 777
776 777 817 815
777 816 818 817
778 782 819 816
780 821 804 779
781 822 821 780
820 823 822 781
782 825 824 819
783 827 825 782
803 826 827 783
804 828 798 784
794 829 790 785
788 830 803 786
789 831 788 787
831 832 830 788
789 791 833 831
829 834 791 790
835 833 791 834
792 799 836 793
836 837 797 793
838 829 794 795
797 837 839 796
796 839 838 795
828 840 801 798
799 800 841 836
840 842 802 801
842 841 800 802
830 843 826 803
821 844 828 804
845 846 806 807
846 808 805 806
809 808 846 847
810 849 848 812
811 814 849 810
813 812 848 850
814 815 855 849
815 817 856 855
816 819 857 818
817 818 858 856
818 857 859 858
819 824 860 857
861 863 823 820
822 864 844 821
823 865 864 822
863 866 865 823
824 868 862 860
827 869 870 825
825 870 868 824
826 871 869 827
843 867 871 826
868 873 872 862
844 874 840 828
838 875 834 829
833 876 832 831
830 832 876 843
835 877 876 833
835 834 875 877
841 878 837 836
837 878 879 839
839 879 875 838
874 880 842 840
842 880 878 841
881 867 843 876
864 882 874 844
845 851 884 846
847 846 884 885
850 848 886 852
849 855 886 848
853 887 884 851
852 886 888 854
854 888 887 853
886 855 856 889
856 858 890 889
857 860 891 859
890 858 859 892
892 859 891 893
860 862 894 891
883 895 863 861
862 872 896 894
895 897 866 863
865 898 882 864
866 899 898 865
897 900 899 866
867 881 901 871
870 902 873 868
871 901 903 869
869 903 902 870
872 906 904 896
873 905 906 872
902 907 905 873
882 908 880 874
879 910 877 875
911 876 877 910
881 876 911 909
908 912 878 880
912 910 879 878
881 909 913 901
898 914 908 882
916 915 895 883
885 884 887 918
887 888 919 918
886 889 919 888
889 890 920 919
920 890 892 921
891 894 922 893
921 892 893 923
893 922 924 923
922 894 896 925
915 926 897 895
896 904 927 925
926 928 900 897
899 929 914 898
900 930 929 899
928 931 930 900
904 932 933 927
901 913 934 903
903 934 907 902
906 935 932 904
905 936 935 906
936 905 907 934
914 937 912 908
911 938 913 909
937 939 910 912
911 910 939 938
940 934 913 938
929 941 937 914
943 942 926 915
944 943 915 916
948 947 917 949
918 919 951 950
919 920 952 951
920 921 953 952
921 923 954 953
924 922 925 955
923 924 956 954
924 955 957 956
925 927 958 955
942 959 928 926
927 933 960 958
959 961 931 928
930 963 941 929
931 962 963 930
961 964 962 931
932 935 965 933
933 965 966 960
936 934 940 967
965 935 936 967
941 968 939 937
968 969 938 939
940 938 969 967
963 970 968 941
972 971 959 942
973 972 942 943
974 973 943 944
945 947 975 946
948 977 975 947
949 978 977 948
950 951 981 982
951 952 983 981
952 953 984 983
953 954 985 984
954 956 986 985
955 958 987 957
956 957 988 986
957 987 989 988
958 960 990 987
971 991 961 959
960 966 992 990
991 993 964 961
993 994 962 964
962 994 970 963
965 967 996 966
995 992 966 996
970 997 969 968
997 996 967 969
994 998 997 970
1000 999 991 971
1001 1000 971 972
1002 1001 972 973
1003 1002 973 974
975 977 1004 976
976 1004 1005 1006
1007 1004 977 978
1007 978 979 1008
980 1010 1011 1009
981 983 1019 1020
982 981 1020 1021
983 984 1022 1019
984 985 1024 1022
985 986 1025 1024
986 988 1026 1025
987 990 1027 989
988 989 1028 1026
989 1027 1029 1028
1030 1027 990 992
999 1031 993 991
1030 992 995 1032
1031 1033 994 993
1033 1034 998 994
995 996 1035 1032
1034 1036 997 998
1036 1035 996 997
1038 1037 1031 999
1039 1038 999 1000
1040 1039 1000 1001
1041 1040 1001 1002
1042 1041 1002 1003
1006 1005 1044 1043
1004 1007 1044 1005
1045 1044 1007 1008
1009 1011 1047 1046
1012 1048 1011 1010
1011 1048 1049 1047
1048 1012 1014 1051
1013 1050 1052 1015
1016 1053 1051 1014
1015 1052 1054 1017
1017 1054 1055 1018
1018 1055 1053 1016
1019 1022 1023 1057
1020 1019 1057 1058
1021 1020 1058 1059
1057 1023 1056 1060
1022 1024 1061 1023
1023 1061 1062 1056
1024 1025 1063 1061
1025 1026 1064 1063
1026 1028 1065 1064
1028 1029 1066 1065
1066 1029 1027 1030
1067 1066 1030 1032
1037 1068 1033 1031
1069 1067 1032 1035
1068 1070 1034 1033
1070 1071 1036 1034
1071 1069 1035 1036
1073 1072 1068 1037
1074 1073 1037 1038
1075 1074 1038 1039
1076 1075 1039 1040
1077 1076 1040 1041
1078 1077 1041 1042
1056 1062 1079 1080
1043 1044 1082 1081
1082 1044 1045 1083
1046 1047 1085 1083
1047 1049 1087 1085
1048 1051 1087 1049
1084 1086 1089 1050
1089 1088 1052 1050
1053 1090 1087 1051
1052 1088 1091 1054
1054 1091 1092 1055
1055 1092 1090 1053
1060 1056 1080 1093
1058 1057 1060 1094
1059 1058 1094 1095
1094 1060 1093 1096
1061 1063 1097 1062
1062 1097 1099 1079
1079 1099 1100 1098
1063 1064 1101 1097
1064 1065 1102 1101
1065 1066 1103 1102
1066 1067 1104 1103
1104 1067 1069 1105
1072 1106 1070 1068
1106 1107 1071 1070
1107 1105 1069 1071
1106 1072 1109 1108
1072 1073 1110 1109
1073 1074 1111 1110
1112 1111 1074 1075
1113 1112 1075 1076
1114 1113 1076 1077
1115 1114 1077 1078
1080 1079 1098 1116
1093 1080 1116 1117
1081 1082 1118 1119
1082 1083 1120 1118
1085 1122 1120 1083
1123 1126 1086 1084
1087 1127 1122 1085
1086 1126 1128 1089
1090 1129 1127 1087
1089 1128 1131 1088
1131 1130 1091 1088
1091 1130 1132 1092
1092 1132 1129 1090
1096 1093 1117 1133
1095 1094 1096 1134
1096 1133 1144 1134
1116 1098 1146 1145
1097 1101 1147 1099
1100 1148 1146 1098
1099 1147 1149 1100
1149 1150 1148 1100
1101 1102 1151 1147
1102 1103 1152 1151
1103 1104 1153 1152
1104 1105 1154 1153
1105 1107 1155 1154
1107 1106 1108 1155
1156 1155 1108 1109
1157 1156 1109 1110
1158 1157 1110 1111
1159 1158 1111 1112
1160 1159 1112 1113
1161 1160 1113 1114
1162 1161 1114 1115
1117 1116 1145 1163
1133 1117 1163 1164
1119 1118 1120 1165
1120 1122 1166 1165
1121 1135 1167 1125
1122 1127 1168 1166
1125 1167 1169 1124
1124 1169 1126 1123
1169 1170 1128 1126
1127 1129 1171 1168
1128 1170 1172 1131
1132 1173 1171 1129
1131 1172 1174 1130
1174 1173 1132 1130
1133 1164 1175 1144
1134 1144 1176 1136
1137 1177 1167 1135
1136 1176 1178 1138
1139 1179 1177 1137
1138 1178 1180 1140
1141 1181 1179 1139
1140 1180 1182 1142
1143 1183 1181 1141
1142 1182 1183 1143
1144 1175 1184 1176
1145 1186 1185 1163
1146 1187 1186 1145
1146 1148 1188 1187
1147 1151 1189 1149
1148 1150 1190 1188
1149 1189 1191 1150
1150 1191 1192 1190
1151 1152 1193 1189
1152 1153 1194 1193
1154 1195 1194 1153
1196 1195 1154 1155
1197 1196 1155 1156
1198 1197 1156 1157
1199 1198 1157 1158
1200 1199 1158 1159
1201 1200 1159 1160
1202 1201 1160 1161
1203 1202 1161 1162
1163 1185 1204 1164
1164 1204 1206 1175
1165 1166 1207 1205
1166 1168 1208 1207
1167 1177 1209 1169
1168 1171 1210 1208
1169 1209 1211 1170
1170 1211 1212 1172
1173 1213 1210 1171
1172 1212 1214 1174
1174 1214 1213 1173
1175 1206 1215 1184
1176 1184 1216 1178
1179 1217 1209 1177
1178 1216 1218 1180
1181 1219 1217 1179
1180 1218 1220 1182
1182 1220 1221 1183
1183 1221 1219 1181
1184 1215 1222 1216
1204 1185 1224 1223
1185 1186 1225 1224
1186 1187 1226 1225
1187 1188 1227 1226
1188 1190 1228 1227
1193 1229 1191 1189
1190 1192 1230 1228
1191 1229 1231 1192
1192 1231 1232 1230
1194 1233 1229 1193
1234 1233 1194 1195
1235 1234 1195 1196
1236 1235 1196 1197
1237 1236 1197 1198
1238 1237 1198 1199
1239 1238 1199 1200
1240 1239 1200 1201
1241 1240 1201 1202
1242 1241 1202 1203
1204 1223 1245 1206
1245 1223 1243 1246
1205 1207 1247 1244
1206 1245 1248 1215
1207 1208 1249 1247
1208 1210 1250 1249
1217 1251 1211 1209
1213 1252 1250 1210
1211 1251 1253 1212
1212 1253 1254 1214
1254 1252 1213 1214
1215 1248 1255 1222
1216 1222 1256 1218
1219 1257 1251 1217
1218 1256 1258 1220
1221 1259 1257 1219
1220 1258 1259 1221
1222 1255 1260 1256
1223 1224 1261 1243
1224 1225 1262 1261
1225 1226 1263 1262
1226 1227 1264 1263
1227 1228 1265 1264
1228 1230 1266 1265
1233 1267 1231 1229
1267 1268 1232 1231
1266 1230 1232 1268
1234 1269 1267 1233
1270 1269 1234 1235
1271 1270 1235 1236
1272 1271 1236 1237
1273 1272 1237 1238
1274 1273 1238 1239
1275 1274 1239 1240
1276 1275 1240 1241
1277 1276 1241 1242
1261 1278 1279 1243
1243 1279 1280 1246
1244 1247 1282 1281
1245 1246 1283 1248
1246 1280 1284 1283
1247 1249 1285 1282
1248 1283 1286 1255
1249 1250 1287 1285
1250 1252 1288 1287
1251 1257 1289 1253
1253 1289 1290 1254
1254 1290 1288 1252
1255 1286 1291 1260
1256 1260 1292 1258
1259 1293 1289 1257
1258 1292 1293 1259
1294 1292 1260 1291
1261 1262 1295 1278
1278 1295 1297 1296
1262 1263 1298 1295
1263 1264 1299 1298
1264 1265 1300 1299
1265 1266 1301 1300
1301 1266 1268 1302
1303 1268 1267 1269
1304 1302 1268 1303
1305 1303 1269 1270
1306 1305 1270 1271
1307 1306 1271 1272
1308 1307 1272 1273
1309 1308 1273 1274
1310 1309 1274 1275
1311 1310 1275 1276
1312 1311 1276 1277
1278 1296 1313 1279
1279 1313 1314 1280
1280 1314 1315 1284
1281 1282 1317 1316
1282 1285 1318 1317
1283 1284 1320 1286
1284 1315 1321 1320
1285 1287 1322 1318
1286 1320 1323 1291
1287 1288 1324 1322
1289 1293 1325 1290
1290 1325 1324 1288
1291 1323 1326 1294
1292 1327 1325 1293
1294 1326 1327 1292
1295 1298 1329 1297
1296 1331 1328 1313
1297 1330 1331 1296
1329 1332 1330 1297
1298 1299 1333 1329
1301 1333 1299 1300
1301 1302 1334 1333
1304 1303 1305 1335
1304 1335 1334 1302
1336 1335 1305 1306
1337 1336 1306 1307
1338 1337 1307 1308
1339 1338 1308 1309
1340 1339 1309 1310
1341 1340 1310 1311
1342 1341 1311 1312
1314 1313 1328 1343
1314 1343 1344 1315
1315 1344 1346 1321
1316 1317 1347 1319
1317 1318 1348 1347
1318 1322 1349 1348
1319 1347 1350 1351
1320 1321 1352 1323
1346 1353 1352 1321
1322 1324 1354 1349
1323 1352 1355 1326
1324 1325 1356 1354
1327 1357 1356 1325
1326 1355 1357 1327
1328 1358 1345 1343
1331 1359 1358 1328
1332 1329 1333 1360
1330 1361 1359 1331
1360 1361 1330 1332
1363 1360 1333 1362
1362 1333 1334 1364
1365 1364 1334 1335
1366 1365 1335 1336
1367 1366 1336 1337
1368 1367 1337 1338
1369 1368 1338 1339
1370 1369 1339 1340
1371 1370 1340 1341
1372 1371 1341 1342
1343 1345 1373 1344
1344 1373 1374 1346
1345 1375 1376 1373
1358 1377 1375 1345
1346 1374 1378 1353
1347 1348 1379 1350
1348 1349 1381 1379
1349 1354 1380 1381
1351 1350 1384 1382
1350 1379 1383 1384
1352 1353 1386 1355
1353 1378 1385 1386
1354 1356 1387 1380
1357 1388 1387 1356
1386 1388 1357 1355
1358 1359 1389 1377
1359 1361 1390 1389
1360 1363 1391 1361
1390 1361 1391 1392
1362 1364 1365 1393
1362 1393 1391 1363
1394 1393 1365 1366
1395 1394 1366 1367
1396 1395 1367 1368
1397 1396 1368 1369
1398 1397 1369 1370
1399 1398 1370 1371
1400 1399 1371 1372
1373 1376 1401 1374
1374 1401 1402 1378
1375 1403 1401 1376
1389 1403 1375 1377
1404 1385 1378 1402
1379 1381 1405 1383
1381 1380 1407 1405
1380 1387 1406 1407
1382 1384 1409 1408
1384 1383 1411 1409
1383 1405 1410 1411
1386 1385 1413 1388
1404 1412 1413 1385
1387 1388 1414 1406
1388 1413 1415 1414
1389 1390 1416 1403
1392 1417 1416 1390
1392 1391 1393 1417
1418 1417 1393 1394
1419 1418 1394 1395
1420 1419 1395 1396
1421 1420 1396 1397
1422 1421 1397 1398
1423 1422 1398 1399
1424 1423 1399 1400
1403 1425 1426 1401
1426 1404 1402 1401
1425 1403 1416 1427
1426 1428 1412 1404
1405 1407 1432 1410
1407 1406 1434 1432
1406 1414 1433 1434
1408 1409 1435 1436
1409 1411 1437 1435
1411 1410 1439 1437
1410 1432 1438 1439
1414 1415 1441 1433
1412 1428 1440 1441
1412 1441 1415 1413
1442 1427 1416 1417
1443 1442 1417 1418
1444 1443 1418 1419
1445 1444 1419 1420
1446 1445 1420 1421
1447 1446 1421 1422
1448 1447 1422 1423
1449 1448 1423 1424
1425 1450 1428 1426
1450 1425 1427 1442
1451 1440 1428 1450
1431 1455 1454 1429
1430 1456 1455 1431
1452 1453 1456 1430
1432 1434 1461 1438
1434 1433 1462 1461
1459 1462 1433 1441
1438 1461 1463 1464
1436 1435 1467 1465
1435 1437 1466 1467
1437 1439 1468 1466
1439 1438 1464 1468
1459 1460 1469 1462
1440 1451 1470 1441
1471 1459 1441 1470
1472 1450 1442 1443
1473 1472 1443 1444
1474 1473 1444 1445
1475 1474 1445 1446
1476 1475 1446 1447
1477 1476 1447 1448
1478 1477 1448 1449
1479 1451 1450 1472
1480 1470 1451 1479
1481 1482 1453 1452
1482 1483 1456 1453
1454 1455 1484 1457
1455 1456 1485 1484
1456 1483 1486 1485
1457 1484 1487 1458
1458 1487 1488 1489
1490 1460 1459 1471
1491 1469 1460 1490
1461 1462 1493 1463
1493 1462 1469 1494
1463 1493 1495 1496
1464 1463 1496 1498
1468 1464 1498 1500
1465 1467 1501 1499
1467 1466 1502 1501
1466 1468 1500 1502
1506 1494 1469 1491
1507 1471 1470 1480
1490 1471 1507 1508
1509 1479 1472 1473
1510 1509 1473 1474
1511 1510 1474 1475
1512 1511 1475 1476
1513 1512 1476 1477
1514 1513 1477 1478
1515 1480 1479 1509
1516 1507 1480 1515
1492 1517 1482 1481
1517 1518 1483 1482
1518 1519 1486 1483
1484 1485 1520 1487
1485 1486 1521 1520
1486 1519 1522 1521
1487 1520 1523 1488
1488 1523 1524 1525
1489 1488 1525 1526
1527 1491 1490 1508
1528 1506 1491 1527
1497 1529 1517 1492
1530 1531 1494 1506
1495 1493 1494 1531
1496 1495 1531 1532
1498 1496 1532 1533
1505 1534 1529 1497
1500 1498 1533 1535
1499 1501 1536 1503
1501 1502 1537 1536
1502 1500 1535 1537
1504 1538 1534 1505
1503 1536 1538 1504
1539 1530 1506 1528
1541 1508 1507 1516
1542 1527 1508 1541
1543 1515 1509 1510
1544 1543 1510 1511
1545 1544 1511 1512
1546 1545 1512 1513
1547 1546 1513 1514
1548 1516 1515 1543
1549 1541 1516 1548
1529 1550 1518 1517
1550 1551 1519 1518
1551 1552 1522 1519
1520 1521 1553 1523
1521 1522 1554 1553
1522 1552 1555 1554
1523 1553 1556 1524
1524 1556 1557 1558
1525 1524 1558 1559
1526 1525 1559 1560
1561 1528 1527 1542
1562 1539 1528 1561
1534 1563 1550 1529
1540 1564 1530 1539
1531 1530 1564 1565
1532 1531 1565 1566
1533 1532 1566 1567
1535 1533 1567 1568
1538 1569 1563 1534
1537 1535 1568 1570
1536 1571 1569 1538
1536 1537 1570 1571
1564 1540 1572 1573
1574 1540 1539 1562
1574 1575 1572 1540
1576 1542 1541 1549
1577 1561 1542 1576
1578 1548 1543 1544
1579 1578 1544 1545
1580 1579 1545 1546
1581 1580 1546 1547
1582 1549 1548 1578
1583 1576 1549 1582
1563 1584 1551 1550
1584 1585 1552 1551
1586 1555 1552 1585
1553 1554 1587 1556
1554 1555 1586 1587
1556 1587 1588 1557
1557 1588 1589 1590
1558 1557 1590 1591
1559 1558 1591 1592
1560 1559 1592 1593
1594 1562 1561 1577
1595 1574 1562 1594
1569 1596 1584 1563
1565 1564 1573 1597
1566 1565 1597 1598
1567 1566 1598 1599
1570 1568 1601 1600
1568 1567 1599 1601
1570 1600 1602 1571
1571 1602 1596 1569
1603 1573 1572 1575
1597 1573 1603 1604
1605 1575 1574 1595
1606 1603 1575 1605
1607 1577 1576 1583
1608 1594 1577 1607
1609 1582 1578 1579
1610 1609 1579 1580
1611 1610 1580 1581
1612 1583 1582 1609
1613 1607 1583 1612
1596 1614 1585 1584
1614 1615 1586 1585
1616 1617 1586 1615
1588 1587 1586 1617
1588 1617 1618 1589
1590 1589 1618 1619
1591 1590 1619 1620
1592 1591 1620 1621
1593 1592 1621 1622
1623 1595 1594 1608
1623 1624 1605 1595
1602 1625 1614 1596
1598 1597 1604 1626
1601 1599 1628 1627
1599 1598 1626 1628
1600 1629 1625 1602
1600 1601 1627 1629
1630 1604 1603 1606
1630 1631 1626 1604
1632 1606 1605 1624
1633 1630 1606 1632
1613 1634 1608 1607
1635 1623 1608 1634
1636 1612 1609 1610
1637 1636 1610 1611
1638 1613 1612 1636
1639 1634 1613 1638
1625 1640 1615 1614
1641 1616 1615 1640
1617 1616 1641 1642
1618 1617 1642 1643
1619 1618 1643 1644
1620 1619 1644 1645
1621 1620 1645 1646
1622 1621 1646 1647
1648 1624 1623 1635
1649 1632 1624 1648
1629 1650 1640 1625
1628 1626 1631 1651
1629 1627 1652 1650
1627 1628 1651 1652
1651 1631 1654 1653
1631 1630 1633 1654
1649 1655 1633 1632
1655 1656 1654 1633
1657 1635 1634 1639
1657 1658 1648 1635
1659 1638 1636 1637
1661 1639 1638 1659
1660 1657 1639 1661
1650 1663 1641 1640
1663 1664 1642 1641
1664 1665 1643 1642
1644 1643 1665 1666
1645 1644 1666 1667
1646 1645 1667 1668
1647 1646 1668 1669
1658 1671 1649 1648
1671 1670 1655 1649
1652 1672 1663 1650
1651 1653 1672 1652
1672 1653 1654 1673
1674 1656 1655 1670
1673 1654 1656 1674
1660 1675 1658 1657
1675 1676 1671 1658
1677 1678 1661 1659
1678 1680 1660 1661
1680 1679 1675 1660
1664 1663 1672 1685
1665 1664 1685 1686
1666 1665 1686 1687
1667 1666 1687 1688
1668 1667 1688 1689
1669 1668 1689 1690
1676 1692 1670 1671
1692 1691 1674 1670
1691 1693 1673 1674
1685 1672 1673 1693
1679 1694 1676 1675
1694 1695 1692 1676
1698 1696 1694 1679
1697 1699 1678 1677
1699 1700 1680 1678
1700 1698 1679 1680
1682 1681 1683 1701
1701 1683 1684 1702
1704 1703 1702 1684
1686 1685 1693 1705
1687 1686 1705 1706
1688 1687 1706 1707
1689 1688 1707 1708
1690 1689 1708 1709
1695 1711 1691 1692
1705 1693 1691 1711
1696 1712 1695 1694
1712 1713 1711 1695
1714 1712 1696 1698
1710 1715 1699 1697
1715 1716 1700 1699
1716 1714 1698 1700
1702 1703 1720 1717
1721 1720 1703 1704
1706 1705 1711 1722
1707 1706 1722 1723
1708 1707 1723 1724
1709 1708 1724 1725
1719 1726 1715 1710
1722 1711 1713 1727
1728 1729 1712 1714
1729 1727 1713 1712
1726 1730 1716 1715
1730 1728 1714 1716
1720 1731 1718 1717
1718 1731 1726 1719
1732 1731 1720 1721
1723 1722 1727 1733
1724 1723 1733 1734
1725 1724 1734 1735
1736 1730 1726 1731
1733 1727 1729 1737
1738 1728 1730 1736
1738 1737 1729 1728
1739 1736 1731 1732
1735 1734 1741 1740
1734 1733 1737 1741
1742 1738 1736 1739
1742 1741 1737 1738
1740 1741 1744 1743
1745 1744 1741 1742
1743 1744 1747 1746
1748 1747 1744 1745
1746 1747 1750 1749
1750 1747 1748 1751
1749 1750 1753 1752
1753 1750 1751 1754
1756 1755 1753 1754
boundary nodes
308
1
0
2
3
5
6
8
9
10
12
15
16
17
18
19
22
23
24
25
26
27
28
29
34
38
51
56
70
76
77
78
79
91
102
114
124
140
147
156
157
158
159
161
160
162
163
164
165
166
167
168
169
170
171
172
183
212
213
215
252
255
286
291
319
325
330
358
359
360
361
391
393
421
424
425
426
427
452
456
458
459
479
484
486
487
488
505
511
513
514
515
516
517
518
519
520
521
522
538
545
547
551
567
573
574
576
579
590
597
598
602
612
621
623
627
633
640
648
649
652
659
661
672
676
677
681
686
687
688
689
690
691
692
693
696
704
705
706
726
735
736
737
741
767
768
769
770
771
772
773
779
780
781
807
809
811
810
812
813
820
845
847
850
851
852
853
854
861
883
885
916
918
944
945
946
917
947
949
950
974
975
976
978
979
982
1003
1006
1008
980
1009
1010
1012
1014
1013
1015
1016
1017
1018
1021
1042
1043
1045
1046
1050
1059
1078
1081
1083
1084
1095
1115
1119
1123
1124
1121
1125
1134
1135
1136
1137
1138
1139
1140
1141
1142
1143
1162
1165
1203
1205
1242
1244
1277
1281
1312
1316
1319
1342
1351
1372
1382
1400
1408
1424
1430
1431
1429
1436
1449
1452
1454
1457
1458
1465
1478
1481
1489
1492
1497
1499
1503
1504
1505
1514
1526
1547
1560
1581
1593
1611
1622
1637
1647
1659
1669
1677
1681
1662
1682
1683
1684
1690
1697
1701
1704
1709
1710
1717
1718
1719
1721
1725
1732
1735
1739
1740
1742
1743
1745
1746
1748
1749
1751
1752
1754
1755
1756
1757
boundary elements
308
1 0
0 2
3 1
2 5
6 3
5 8
9 6
10 9
8 12
15 10
16 15
17 16
18 17
12 19
22 18
23 22
24 23
25 26
26 27
28 24
27 29
29 28
19 34
38 25
34 51
56 38
51 70
76 56
77 76
78 77
79 78
70 91
102 79
91 114
124 102
114 140
147 124
156 147
157 156
158 157
159 158
161 159
160 162
162 163
163 164
164 161
165 160
166 165
167 166
168 167
169 168
170 169
171 170
172 171
140 183
212 172
213 212
183 215
252 213
215 255
255 286
291 252
286 319
325 291
319 330
330 358
359 325
358 360
360 361
391 359
361 393
421 391
424 425
425 426
393 427
452 421
456 424
426 458
427 459
479 452
484 456
458 486
459 487
487 488
505 479
511 484
486 513
514 515
515 511
516 514
517 516
518 517
519 518
488 520
520 521
521 522
538 505
513 545
547 519
522 551
567 538
545 573
573 574
576 547
551 579
590 567
579 597
574 598
602 576
612 590
597 621
598 623
627 602
621 633
640 612
623 648
648 649
652 627
633 659
661 640
649 672
659 676
676 677
681 652
686 681
677 687
688 686
687 689
690 688
689 691
692 690
693 692
691 693
696 661
704 705
672 706
726 696
735 704
705 736
706 737
741 726
767 741
736 768
769 735
770 769
771 770
768 772
737 773
779 767
780 779
781 780
807 771
772 809
773 811
811 810
810 812
812 813
820 781
845 807
809 847
813 850
851 845
850 852
853 851
854 853
852 854
861 820
883 861
847 885
916 883
885 918
944 916
945 946
917 947
947 945
949 917
918 950
974 944
946 975
975 976
978 949
979 978
950 982
1003 974
976 1006
1008 979
980 1009
1010 980
1012 1010
1014 1012
1013 1015
1016 1014
1015 1017
1017 1018
1018 1016
982 1021
1042 1003
1006 1043
1045 1008
1009 1046
1050 1013
1021 1059
1078 1042
1043 1081
1083 1045
1046 1083
1084 1050
1059 1095
1115 1078
1081 1119
1123 1084
1124 1123
1121 1125
1125 1124
1095 1134
1135 1121
1134 1136
1137 1135
1136 1138
1139 1137
1138 1140
1141 1139
1140 1142
1142 1143
1143 1141
1162 1115
1119 1165
1203 1162
1165 1205
1242 1203
1205 1244
1277 1242
1244 1281
1312 1277
1281 1316
1316 1319
1342 1312
1319 1351
1372 1342
1351 1382
1400 1372
1382 1408
1424 1400
1430 1431
1431 1429
1408 1436
1449 1424
1452 1430
1429 1454
1454 1457
1457 1458
1436 1465
1478 1449
1481 1452
1458 1489
1492 1481
1497 1492
1465 1499
1499 1503
1503 1504
1504 1505
1505 1497
1514 1478
1489 1526
1547 1514
1526 1560
1581 1547
1560 1593
1611 1581
1593 1622
1637 1611
1622 1647
1659 1637
1647 1669
1677 1659
1681 1662
1662 1682
1683 1681
1684 1683
1669 1690
1697 1677
1682 1701
1704 1684
1690 1709
1710 1697
1701 1717
1717 1718
1718 1719
1719 1710
1721 1704
1709 1725
1732 1721
1725 1735
1739 1732
1735 1740
1742 1739
1740 1743
1745 1742
1743 1746
1748 1745
1746 1749
1751 1748
1749 1752
1754 1751
1752 1755
1756 1754
1755 1757
1757 1756
