nodes
2351
-236.000000 188.000000
-241.000000 184.000000
-246.000000 180.000000
-235.147303 181.753448
-229.600000 186.600000
-241.666667 177.333333
-237.333333 174.666667
-233.000000 172.000000
-223.200000 185.200000
-229.282639 177.538682
-227.000000 170.333333
-147.000000 287.000000
-216.800000 183.800000
-219.558142 176.211549
-221.000000 168.666667
-142.500000 282.000000
-139.614425 283.718338
-140.666667 287.000000
-210.400000 182.400000
-212.848814 174.739056
-215.000000 167.000000
-138.000000 277.000000
-135.454023 282.171461
-134.333333 287.000000
-204.245121 172.877560
-204.000000 181.000000
-205.000000 163.000000
-210.000000 165.000000
-200.000000 161.000000
-196.326503 165.361708
-131.000000 274.000000
-129.552930 281.154046
-128.000000 287.000000
149.500000 306.500000
152.000000 302.000000
147.000000 311.000000
149.500000 298.000000
-198.250000 184.000000
-195.000000 159.000000
-191.849468 164.037279
-198.349661 171.472158
-188.958712 168.449489
-192.500000 187.000000
-186.750000 190.000000
-181.000000 193.000000
-175.857143 197.000000
-170.714286 201.000000
-165.571429 205.000000
-125.000000 273.000000
-123.425794 280.995650
-122.000000 288.600000
-160.428571 209.000000
-155.285714 213.000000
-150.142857 217.000000
-145.000000 221.000000
-119.000000 267.500000
-119.000000 263.000000
-119.750000 257.750000
-140.400000 225.200000
-120.500000 252.500000
-122.000000 242.000000
-121.250000 247.250000
-135.800000 229.400000
-126.600000 237.800000
-131.200000 233.600000
-189.750000 156.750000
-184.500000 154.500000
140.666667 309.666667
143.514933 302.352260
141.890924 295.697170
147.000000 294.000000
134.333333 308.333333
-179.250000 152.250000
-188.041942 179.137118
-186.473792 161.776879
-183.038615 166.861663
-184.123744 175.254158
-179.237276 171.691150
-183.000192 184.700530
-177.473333 188.601810
-172.138723 192.546957
-166.887494 196.594091
-161.671986 200.683376
-156.483500 204.792650
-117.051306 281.489421
-119.000000 272.000000
-116.000000 290.200000
-110.000000 291.800000
-104.000000 293.400000
-98.000000 295.000000
-151.313367 208.924067
-146.173003 213.095402
-141.128998 217.345098
-112.048024 274.003854
-112.993446 267.930332
-136.276744 221.719021
-113.626954 262.427388
-114.488736 256.879050
-115.640561 251.299929
-131.592677 226.204189
-117.175361 245.818116
-122.911007 235.553985
-118.974662 239.805007
-127.090389 230.796532
-181.193362 159.365691
-175.920189 156.890802
128.000000 307.000000
123.500000 305.000000
136.134147 301.950741
136.889800 296.267282
137.149530 292.444482
140.252372 290.799811
144.500000 288.500000
130.450666 300.898367
-174.000000 150.000000
-170.623859 154.208624
-18.000000 319.000000
-24.000000 321.000000
-30.000000 323.000000
-179.001003 179.925910
-177.866266 164.252172
-173.861986 168.546553
-174.978366 175.765716
-172.260307 172.502187
-173.711343 183.985676
-168.349814 188.011608
-92.250000 296.000000
-86.500000 297.000000
-80.750000 298.000000
-75.000000 299.000000
-68.750000 300.750000
-163.010783 192.153935
-157.722707 196.357658
-152.504270 200.573598
-147.298257 204.823181
-109.498497 282.279977
-102.847641 286.123092
-96.934634 287.995268
-91.025075 289.328752
-142.113717 209.139752
-136.994566 213.560760
-105.707423 278.593739
-132.003005 218.163509
-106.458132 273.937716
-107.159425 268.034441
-107.933789 262.050540
-127.218818 222.934924
-108.984366 256.038894
-110.477101 250.061871
-112.533266 244.244221
-122.718088 227.900591
-115.238353 238.586784
-118.676550 233.142680
-172.611980 161.702071
-167.254306 158.917720
125.629524 299.306464
122.256703 298.560558
119.000000 303.000000
132.097898 295.232762
134.201362 290.250783
137.775144 286.451319
142.000000 283.000000
127.088084 293.667545
115.750000 297.500000
112.500000 292.000000
109.250000 286.500000
106.000000 281.000000
100.000000 280.000000
94.000000 279.000000
90.866764 275.344558
82.617303 272.742441
88.000000 272.000000
-168.666667 146.666667
-165.315631 151.154546
-161.910660 155.814777
76.717015 273.556274
70.811344 274.370849
-25.462531 316.003431
-18.000000 314.000000
-32.666667 319.000000
-18.000000 309.000000
-18.000000 304.000000
-14.000000 300.000000
-10.000000 296.000000
-35.333333 315.000000
-169.887746 179.280997
-169.321923 166.816675
-166.336343 173.042007
-164.441287 183.345230
-158.998456 187.694028
-62.500000 302.500000
-38.000000 311.000000
-50.000000 306.000000
-44.000000 308.500000
-56.250000 304.250000
-60.516475 296.835680
-85.044351 290.540771
-66.611509 294.976779
-78.989347 291.807108
-72.843243 293.247999
-153.673647 192.039852
-148.441331 196.360617
-143.195484 200.710369
-137.934003 205.137671
-101.548618 280.031508
-95.909581 281.455484
-83.667057 284.004735
-89.892667 282.715044
-132.677666 209.744750
-127.542593 214.549238
-101.077649 274.250336
-122.612455 219.593060
-101.311981 268.114529
-101.982076 261.728622
-103.132052 255.240020
-117.994860 224.904572
-104.873697 248.796777
-110.246366 236.435823
-107.221476 242.487115
-113.818694 230.502837
-163.788688 163.969711
-158.332085 160.653264
120.070104 292.964913
140.000000 278.500000
129.124559 287.063793
134.824441 281.717455
123.509526 287.146934
116.575476 287.375667
112.503440 282.281996
107.874277 278.039345
102.530940 275.257587
97.162782 273.098239
92.426400 270.812902
76.822057 268.476399
88.797757 268.945078
82.537814 268.404847
-163.333333 143.333333
-160.038103 147.875737
-156.651186 152.496015
-153.075630 157.197551
70.927210 268.799922
64.905672 275.185425
-5.666667 292.000000
59.000000 276.000000
-1.333333 288.000000
53.333333 275.666667
3.000000 284.000000
6.500000 281.000000
10.000000 278.000000
47.666667 275.333333
15.000000 276.666667
20.000000 275.333333
42.000000 275.000000
30.666667 274.333333
36.333333 274.666667
25.000000 274.000000
64.987868 269.192627
-27.355723 309.351634
-23.542022 301.860907
-19.418689 296.332083
-14.754469 291.633411
-9.907771 287.422682
-34.413291 305.052650
-160.180723 178.638057
-159.903765 169.267128
-155.213094 174.344989
-154.743998 183.295751
-149.473493 187.776944
-54.601970 298.294616
-41.134553 301.768652
-48.169088 299.442379
-57.698822 290.539371
-53.668490 293.951220
-64.345567 289.021298
-77.309128 285.456891
-70.855298 287.101722
-144.266385 192.181023
-138.998552 196.594791
-133.611742 201.143160
-128.217516 205.881067
-95.259750 275.023212
-82.416405 277.271283
-75.743896 278.865187
-88.982542 276.005265
-122.896841 210.875571
-117.758757 216.175405
-95.128790 268.398769
-112.925316 221.812285
-95.618083 261.510862
-96.828915 254.483046
-98.780685 247.514156
-108.521274 227.798192
-101.413102 240.720475
-104.657141 234.116462
-154.428001 165.568745
-149.235373 161.927926
138.000000 274.000000
120.718251 282.755550
132.179171 275.787691
125.985892 278.838613
116.322914 277.316679
110.771126 273.056994
104.998997 270.023119
99.330682 267.722193
93.863949 265.833648
71.083047 263.170507
88.462426 264.397990
77.061536 263.202764
82.899053 263.535696
-158.000000 140.000000
-154.840234 144.495953
-151.495220 149.050189
-147.947810 153.651662
-144.162945 158.271620
65.058202 263.268500
59.067735 269.479016
-5.096491 283.529055
53.206583 269.488496
-0.435754 279.968999
47.374728 269.363702
4.033180 276.880156
13.572098 272.344537
8.600212 274.301845
41.549223 269.238325
18.817419 270.833143
24.258881 269.768800
35.728943 269.184929
29.936482 269.292862
59.046756 263.373927
-30.194252 298.281712
-25.353064 291.825581
-19.685757 286.786240
-14.083688 282.551175
-8.738489 278.775289
-37.683717 294.275501
-150.201149 179.084207
-150.123390 170.404204
-145.494755 175.073027
-145.131702 183.617659
-139.977361 188.058852
-46.983471 291.438041
-61.984406 282.545506
-54.713900 285.116668
-68.992360 280.645894
-134.693106 192.505417
-129.203893 197.105195
-123.636278 201.942738
-118.082747 207.105059
-67.421237 274.005802
-88.422407 268.949083
-74.241945 272.035596
-81.317681 270.016235
-66.139106 267.688593
-72.545353 265.286546
-112.671975 212.648591
-107.541604 218.598996
-88.574443 261.419671
-102.819113 224.965896
-89.969278 253.736547
-95.066797 238.852073
-92.158527 246.187503
-98.623554 231.735627
-145.100556 166.615540
-140.113533 162.867871
137.000000 267.333333
130.213611 268.719228
121.703783 270.568111
113.615766 266.825622
107.164306 264.189840
101.100647 262.109166
65.132731 257.401914
71.268883 257.463991
95.206247 260.427864
89.379645 259.113104
77.399445 257.702165
83.451607 258.217961
-153.000000 136.666667
-149.774095 141.042903
-146.418760 145.478499
-142.869443 149.977478
-139.103857 154.518377
-135.125827 159.081418
59.000731 257.384939
53.055082 263.404509
-3.573312 275.374138
47.068349 263.396412
1.495929 272.372685
41.083173 263.420524
6.619149 269.810778
17.472461 265.996411
11.934178 267.683759
35.095515 263.570654
23.210900 264.759907
29.108568 263.979989
52.882196 257.384908
-32.505643 285.372088
-24.298137 281.087498
-18.028912 277.253957
-12.203179 273.660059
-6.596914 270.404622
-42.147489 281.865982
-32.872533 278.132063
-37.818039 275.001117
-140.646723 179.585278
-140.709579 171.208875
-136.093110 175.680277
-135.609540 183.997894
-130.323848 188.405279
-50.900404 276.135685
-60.310661 275.303395
-124.755039 192.966527
-118.974955 197.849823
-113.126791 203.149557
-107.371111 208.938976
-60.131596 268.594960
-64.600125 262.014356
-60.517508 264.050501
-80.002284 261.303404
-70.353846 259.377309
-75.175897 257.334569
-101.875960 215.193212
-96.751302 221.931618
-82.822120 252.695477
-92.116429 229.166455
-85.001276 244.811421
-88.144266 236.858653
-135.861467 167.430731
-130.946264 163.664530
136.000000 260.666667
129.407673 261.268834
122.383292 261.201233
115.422465 259.783086
108.833065 257.931643
102.550345 256.206585
96.393131 254.714392
58.965044 251.428350
65.214275 251.520211
71.477621 251.687438
77.769160 252.010042
90.248352 253.502238
84.044128 252.603726
-148.000000 133.333333
-144.839104 137.507737
-141.486197 141.790846
-137.912322 146.185117
-134.127451 150.655132
-130.153846 155.193039
-125.960833 159.800766
52.727057 251.378100
46.756010 257.404921
-1.100380 267.478283
40.597867 257.502026
4.413635 264.889264
34.399046 257.770241
10.056987 262.658538
21.961254 259.341738
15.910008 260.780999
28.152020 258.354803
46.458351 251.364979
-28.040344 275.035365
-21.678939 271.548198
-15.444525 268.218483
-3.719044 262.324842
-9.502029 265.153876
-43.496386 270.486190
-32.936338 268.404490
-39.289748 266.806442
-131.249232 180.007415
-131.450963 171.915088
-126.740437 176.203284
-125.859606 184.254933
-120.187625 188.618747
-47.344189 264.816780
-53.814405 267.560205
-114.247724 193.441545
-108.004204 198.919694
-101.871023 204.946854
-95.966065 211.488170
-56.838830 261.555391
-68.419770 252.854470
-61.545056 256.863023
-75.751733 251.712050
-90.368709 218.560569
-85.152261 226.233629
-77.099402 243.483767
-80.459151 234.631524
-126.645341 168.275400
-121.598656 164.566709
135.000000 254.000000
129.311113 254.266619
122.966508 253.883668
116.480076 252.901694
110.074019 251.551163
103.727946 250.129297
52.616449 245.357674
97.407036 248.802858
58.951521 245.465918
91.048495 247.666570
65.301741 245.598381
71.692832 245.808073
78.147273 246.167676
84.622135 246.780716
-143.000000 130.000000
-140.127042 133.811955
-136.753304 137.973111
-133.121883 142.280666
-129.281683 146.679301
-125.239291 151.156491
-116.432424 160.484569
-120.981110 155.735865
46.217970 245.253816
46.111872 239.090013
40.116465 251.443156
2.047703 259.712928
33.635149 251.743770
7.944440 257.337101
27.066108 252.414991
14.101985 255.233716
20.508348 253.568785
39.653138 245.213824
-0.489247 254.436921
-24.935766 265.421759
-12.241902 259.706127
-18.382414 262.526859
-6.322965 257.055683
-3.284621 249.316609
-27.266820 258.915838
-40.987303 261.667985
-34.058203 260.181049
-121.812497 180.024790
-121.499775 172.227860
-119.304669 176.217452
-109.469001 188.508599
-115.949872 183.691110
-43.769583 254.249549
-51.060863 257.814740
-102.730957 194.264172
-96.180632 200.575473
-89.861427 207.379457
-83.771659 214.698977
-56.532088 250.594629
-66.118973 242.795683
-77.950704 222.629903
-72.210877 231.479641
-116.936397 169.740145
-111.504668 165.583820
52.575301 239.330483
52.606147 233.341371
135.666667 248.166667
129.713653 247.840492
123.593829 247.264782
117.342639 246.372765
111.037460 245.235696
104.723507 243.989903
98.321804 242.765159
58.957990 239.483942
91.807687 241.661838
65.370031 239.623811
85.189251 240.768535
71.882829 239.806932
78.517106 240.150755
-139.166667 125.833333
-135.772753 129.848841
-132.214631 133.979826
-128.464393 138.222563
-124.534073 142.549389
-120.421007 146.954352
-116.074095 151.441645
-106.422226 160.768605
-111.460248 156.049707
39.365481 238.754441
46.214224 232.979866
39.445091 232.225029
32.851965 245.418251
5.526004 251.827933
25.864489 246.088783
11.963564 249.372109
18.801524 247.395305
32.149433 238.615094
2.604582 246.267836
-9.493960 252.185221
-21.012204 256.704745
-14.768900 253.986778
-10.554930 248.019022
-6.838586 244.732379
-1.205231 240.844048
-28.554308 254.255559
-24.184930 250.986469
-35.153944 251.968989
-112.417952 176.153788
-38.759904 245.317332
-97.167683 189.148690
-104.271134 182.939198
-47.517606 244.316842
-90.288741 195.782212
-83.611643 202.814394
-77.091682 210.265414
-70.641465 218.194658
-56.758069 235.483368
-64.045454 226.702496
-105.529834 171.109875
-100.408484 165.442733
58.944041 233.504939
46.483164 227.033417
52.678747 227.448218
58.857321 227.582856
136.333333 242.333333
130.347106 241.716335
124.298894 240.984520
118.160978 240.080167
111.949640 239.011919
105.654991 237.849371
99.209654 236.649070
92.587103 235.506529
65.364995 233.577262
85.768644 234.527354
71.986197 233.637368
78.840370 233.878377
-135.333333 121.666667
-131.622286 125.723467
-127.837546 129.837546
-123.936786 134.024099
-119.901080 138.279349
-115.703918 142.597979
-111.332918 146.993336
-106.747744 151.453985
-96.714640 160.139400
-101.914479 155.917353
31.453609 230.480884
40.098246 226.231925
34.989721 225.503884
24.537763 239.245653
9.294814 243.154453
16.728104 240.604808
23.178502 232.199470
22.559192 227.180060
5.488265 236.785827
-16.790268 246.507826
-11.707534 240.411988
-5.911530 235.499701
0.388269 230.773295
-29.113727 245.916830
-23.270119 240.735442
-34.983445 240.808604
-98.558535 176.991733
-41.960710 235.541872
-84.149205 190.596492
-91.218014 183.615601
-49.433627 228.852895
-77.255085 197.818273
-63.604157 213.089469
-70.417595 205.310829
-56.679565 221.036639
-92.390879 163.113724
-92.332082 169.817898
137.000000 236.500000
65.173349 227.492212
40.501044 220.353159
46.821835 221.226756
52.765164 221.689410
58.654381 221.829553
64.650335 221.529936
131.045152 235.719630
125.056015 234.881542
118.981959 233.928557
112.839386 232.869659
106.571463 231.718757
100.150450 230.491529
93.478124 229.220937
86.442046 227.963834
71.857743 227.203348
79.072565 227.112808
137.666667 230.666667
-131.500000 117.500000
-127.550159 121.522436
-123.565647 125.587165
-119.517064 129.710714
-115.381181 133.895861
-111.135667 138.142990
-106.759178 142.453426
-102.234791 146.818563
-87.613477 161.364617
-97.576376 151.208055
-92.914914 155.583060
26.799370 224.299405
41.509008 214.496931
32.825232 219.676778
35.464287 212.641887
13.913811 232.061564
17.786193 224.767335
22.050739 219.819513
6.669561 225.782465
-17.358754 235.320183
-11.383003 230.049139
-5.272941 225.068932
0.691419 220.190716
-29.372308 235.256042
-23.372226 229.619814
-35.909779 229.284709
-84.786944 177.914707
-42.782285 222.596096
-70.779247 192.431578
-77.836231 185.162848
-49.752192 215.273442
-63.751263 199.946978
-56.741280 207.641172
-84.061260 165.966961
-78.352015 172.597768
242.000000 41.000000
244.500000 45.000000
247.000000 49.000000
245.500000 55.500000
244.000000 62.000000
138.333333 224.833333
131.771846 229.782563
71.074507 220.623379
47.316576 215.574188
52.886489 216.158005
58.352103 216.327238
63.800545 215.944878
69.295194 214.848226
47.981208 210.187071
42.737319 208.901937
125.840075 228.865755
119.844799 227.873414
113.757963 226.789465
107.550232 225.609688
101.191162 224.313552
94.600132 222.870466
87.551346 221.139529
79.088101 218.714038
132.528861 223.873846
-127.666667 113.333333
-123.511803 117.267104
-119.353009 121.251322
-115.173130 125.302362
-110.948368 129.418827
-106.654243 133.597808
-102.268246 137.839599
-97.774199 142.146657
-78.438986 161.192869
-83.682655 155.863702
-93.173755 146.529463
-88.491332 151.044837
26.169197 214.848094
37.435738 206.979169
29.622358 209.566608
32.236694 204.375704
11.944312 220.458109
16.527601 215.438036
20.671307 210.658153
6.180986 215.388307
-17.211835 224.288197
-11.020338 219.266082
-4.969989 214.512876
0.739356 210.016811
-29.647579 223.500695
-23.258670 218.119150
-36.179011 216.834164
-71.459723 179.527392
-42.911437 209.614757
-56.994258 194.267243
-64.241957 186.715419
-49.839660 201.988440
-72.285003 167.064572
-64.962153 173.390514
237.000000 41.000000
238.298356 46.085188
239.150220 51.382976
239.043575 57.275360
238.500000 63.500000
139.000000 219.000000
133.348525 217.972396
126.668654 222.899435
74.471535 212.537528
53.088408 210.911855
58.059341 211.170302
62.896198 210.861564
67.523334 209.931073
71.645101 208.253036
53.414247 206.000456
48.761740 205.120835
39.187958 201.873608
43.994555 203.752463
120.741665 221.876709
114.722353 220.758474
108.598336 219.533941
102.369886 218.181914
96.011513 216.633204
89.522205 214.742129
83.279956 212.134067
78.295090 208.881292
127.549339 216.950438
-123.833333 109.166667
-119.472702 112.948014
-115.158658 116.828163
-110.869336 120.805406
-106.569729 124.858281
-102.231171 128.975801
-97.827959 133.156811
-93.337126 137.410068
-66.893408 160.939706
-88.722822 141.759929
-73.483911 155.864136
-78.964993 150.933305
-83.969079 146.245498
24.246513 205.904003
34.449697 199.516370
27.256516 201.225839
29.823219 196.701602
11.100116 210.764588
15.457157 206.322672
19.244069 201.981613
5.950145 205.783807
-16.832521 213.113958
-10.501127 208.488444
-4.441797 204.265253
1.148705 200.456257
-29.493541 211.435219
-22.716455 206.448688
-35.927776 204.164579
-57.492497 180.450516
-42.655528 196.268924
-49.941133 188.126218
-58.289891 166.299518
-51.311104 173.951962
-51.703445 164.394738
232.000000 41.000000
232.366552 47.111026
232.723375 52.880998
232.841053 58.791947
233.000000 65.000000
140.000000 213.125000
134.273101 212.062074
128.492846 210.999026
121.673056 215.892012
74.696304 205.822145
57.899764 206.380438
62.178826 206.242519
66.252661 205.589857
69.964133 204.640410
72.510194 203.876218
57.976939 202.032552
53.937497 201.388542
49.651002 200.332536
45.240790 198.896816
36.386381 194.881847
40.791162 197.071517
115.732051 214.769460
109.713964 213.529370
103.636620 212.171737
97.531222 210.630897
91.504445 208.829543
85.815034 206.723560
80.790678 204.455404
76.551982 202.442160
122.655478 209.908527
-120.000000 105.000000
-115.365409 108.496797
-110.934820 112.287449
-106.563020 116.206932
-102.199228 120.209423
-97.817671 124.279040
-50.747504 160.676361
-56.626935 158.330617
-62.993814 154.698467
-93.383733 128.407943
-88.878318 132.605203
-84.282510 136.883775
-69.109525 150.318710
-79.505083 141.270199
-74.495011 145.763986
22.512824 197.718665
32.064085 192.333210
25.347751 193.538797
27.845851 189.456121
10.568233 201.766579
14.569993 197.859277
18.023635 193.979493
6.076912 196.977438
-15.950615 201.938463
-9.366737 197.963323
2.207408 191.968375
-3.189035 194.635793
-28.701179 199.136448
-21.346350 194.733033
-34.783339 190.834692
-41.479732 180.418318
-47.317006 168.130093
-40.478617 170.770111
-45.332869 162.900889
226.400000 42.400000
226.535755 48.308359
226.643310 54.167793
226.704543 60.049765
226.750000 66.000000
141.000000 207.250000
142.000000 201.375000
135.261976 206.140689
129.493373 205.031683
123.685592 203.902764
116.767749 208.764019
72.907419 201.162866
65.410164 201.343662
61.729455 202.009274
69.221682 200.943160
61.373654 198.929787
58.580971 198.058862
54.738426 197.008769
50.670721 195.737226
34.041680 188.085547
46.495276 194.231928
38.120423 190.412386
42.291233 192.461474
110.840398 207.537300
104.885432 206.221609
98.951774 204.754134
93.134152 203.118899
87.582216 201.385643
82.441140 199.672714
77.755637 198.200570
73.391282 197.173366
117.839328 202.735776
-115.625000 100.125000
-111.114472 103.826720
-106.659413 107.624098
-102.244711 111.516932
-97.837570 115.481537
-93.407212 119.504503
-88.940427 123.585356
-43.919857 158.135598
-48.925118 155.619583
-59.669883 148.939753
-54.196006 152.575079
-65.018955 144.837191
-84.414741 127.726906
-75.104171 136.209521
-79.806726 131.935522
-70.188665 140.536780
21.050810 190.123525
30.074053 185.464923
23.752806 186.318770
26.204583 182.570510
10.239833 193.588645
13.762360 190.071698
16.908876 186.488735
6.332708 189.301068
3.621196 186.063648
-14.060602 190.891008
-0.527091 186.439842
-6.935682 187.804724
-26.645778 186.840416
-18.614860 183.104767
-30.867922 178.336116
-32.658609 170.405856
-39.610233 164.675314
-34.790980 165.435068
-38.328408 160.095512
220.726477 49.601350
220.800000 43.800000
220.642245 55.408703
220.568845 61.207930
220.500000 67.000000
215.200000 45.200000
209.600000 46.600000
143.000000 195.500000
144.000000 189.625000
145.000000 183.750000
146.000000 177.875000
136.283463 200.208677
137.332249 194.265996
130.542809 199.038222
124.765828 197.857022
118.950533 196.649150
111.965533 201.522541
69.077204 196.638015
64.119139 196.473663
59.808044 194.155832
55.818258 192.689498
51.821643 191.237459
47.769816 189.671090
32.072763 181.543766
39.684806 186.068193
35.803767 183.990021
43.701681 187.950206
106.075102 200.207758
100.218768 198.819793
94.463488 197.378771
73.928638 192.586056
88.889149 195.913801
83.587436 194.542754
78.605608 193.414410
69.442194 191.962837
113.102773 195.402366
-111.250000 95.250000
-106.783905 99.027232
-102.335585 102.850705
-97.901000 106.732980
-93.464478 110.670293
-89.008148 114.656889
-84.515874 118.690804
-79.973439 122.777687
-38.034561 155.985293
-41.430964 153.739114
-46.089995 150.747020
-50.929136 147.328226
-60.913488 139.525150
-55.886990 143.559826
-65.823225 135.339155
-75.371100 126.922341
-70.646192 131.117917
19.786961 182.977249
28.499134 178.903971
22.399120 179.460583
24.886029 175.907563
16.008748 179.438018
9.570546 186.000613
12.804179 182.436609
13.363078 176.338598
5.094190 182.464365
-1.023144 180.179601
-10.281130 178.586528
-22.858529 175.540103
-16.922093 173.103980
-26.361405 168.059567
-31.609082 160.911753
-34.350359 154.172685
-88.000000 -11.000000
-90.500000 -7.000000
214.668137 56.625642
214.939067 50.882064
214.430059 62.375979
214.250000 68.000000
204.000000 48.000000
209.182461 52.080695
203.536318 53.098402
138.415083 188.307656
139.550916 182.329763
140.782690 176.330312
147.000000 172.000000
142.236608 170.304588
131.635201 193.036091
132.786179 186.996988
125.895145 191.796943
120.107827 190.536575
114.272058 189.254979
107.235821 194.118006
65.123356 191.162916
30.784472 175.232399
61.031216 189.808495
57.044845 188.301685
33.323363 177.559395
53.076808 186.769062
49.073775 185.147676
45.033754 183.457511
37.277516 180.042347
41.040935 181.757067
101.385779 192.779898
69.848822 187.372166
74.268983 187.723458
95.590798 191.435875
89.903724 190.155893
79.153703 188.231208
84.394124 189.056456
66.026638 186.722132
67.004757 183.451073
108.407104 187.916780
-106.875000 90.375000
-102.428013 94.169793
-97.983734 97.995744
-93.535834 101.863073
-89.074515 105.774035
-84.592065 109.732539
-80.064122 113.718953
-75.496953 117.762127
-70.844485 121.850507
-38.134881 149.855314
-42.611714 146.138950
-51.804097 138.441963
-47.140040 142.375147
-61.356257 130.167038
-56.562038 134.343895
-66.129384 125.989434
18.650177 176.294593
27.469721 172.302126
21.167306 172.705311
24.059920 168.918732
14.777869 173.271878
8.493303 177.051138
10.052936 170.429517
0.911397 173.367267
-34.207883 145.610808
-7.141264 169.380018
-15.626099 164.723036
-24.130946 156.385128
-29.347849 150.336941
-84.000000 -9.000000
-85.581968 -4.615402
-86.792619 0.147230
-93.000000 -3.000000
-93.000000 2.500000
-93.000000 8.000000
-80.000000 -7.000000
206.932696 63.724460
208.657181 57.781526
208.000000 69.000000
197.333333 49.333333
198.039152 54.181095
202.772147 59.249834
198.737736 57.933967
190.666667 50.666667
203.750000 73.250000
149.200000 166.000000
134.021919 180.920629
135.401581 174.796070
136.971682 168.650708
144.064266 164.244378
138.767903 162.492311
127.095590 185.679644
128.396474 179.506599
121.340196 184.341932
115.525100 182.963869
109.645063 181.576829
102.519797 186.580320
62.318139 185.353869
29.799309 169.602256
35.448112 175.233984
33.757095 171.166687
58.341244 183.897642
54.423402 182.353151
38.326342 175.537801
50.452560 180.619829
46.321942 178.863643
42.144819 177.235564
96.629464 185.275668
69.775628 183.014819
74.206812 182.635922
79.368424 182.637125
90.758594 184.083546
84.958775 183.143223
64.358233 180.347870
68.693829 178.489629
103.697710 180.203898
-102.500000 85.500000
-98.065012 89.272791
-93.621696 93.073848
-89.159946 96.910990
-84.670805 100.785982
-80.144308 104.701524
-75.585443 108.655950
-70.957190 112.644113
-66.271267 116.684688
-61.520744 120.786206
-38.653064 141.538285
-42.990703 137.599246
-51.959078 129.215596
-47.371898 133.478870
-56.724396 124.962844
17.280815 169.272610
28.489722 164.698701
20.204889 165.452110
22.909993 161.775121
12.987733 165.555487
-34.631930 136.831087
4.106999 166.429119
8.311874 160.749970
-29.838315 140.640863
-3.115305 161.366840
-24.499553 145.063601
-11.203248 155.970305
-18.425539 150.279302
-80.857425 -2.477196
-81.421521 2.218427
-82.484932 5.808663
-86.805451 6.622060
-89.666667 12.000000
-76.067514 -0.468993
-75.000000 -5.333333
-70.000000 -3.666667
-65.000000 -2.000000
184.000000 52.000000
200.838078 65.554592
192.381465 55.923789
195.126832 60.979390
186.160892 57.574204
199.500000 77.500000
194.619822 71.480916
179.000000 52.000000
151.400000 160.000000
146.112524 158.171372
129.855471 173.265038
131.485494 167.003091
133.300173 160.737116
140.743941 156.334861
135.271515 154.484329
122.678203 178.076168
124.181151 171.722531
116.873489 176.621608
110.980604 175.148126
104.993307 173.662846
97.688503 178.866875
59.591450 179.696769
34.629291 164.843286
38.520282 171.563143
38.755929 167.626384
55.905292 178.144157
52.066947 176.079558
43.006346 172.303402
47.697853 173.970919
60.210935 176.569037
63.050609 175.463164
91.592289 177.651142
73.559869 177.197273
79.204145 176.419478
85.373755 176.703067
67.247985 173.618453
72.185090 171.618945
98.878997 172.227064
-98.125000 80.625000
-93.707595 84.338377
-89.267160 88.087224
-84.791037 91.874981
32.924348 159.086156
-80.272170 95.701339
-75.703266 99.558311
-71.088097 103.459478
-66.413678 107.399425
-61.668365 111.387337
-56.839854 115.445598
-51.926470 119.622004
-42.341265 128.639497
-38.609638 133.081581
-46.981700 124.011005
16.400511 161.737389
28.430058 159.051322
24.355839 158.032268
19.558680 158.820361
21.650956 156.977429
12.918725 157.173902
-34.872562 129.889836
-31.034119 131.836289
-25.757670 135.066532
2.919573 153.122132
10.853584 151.624201
-19.906466 138.978552
-6.222282 148.056195
-13.489736 143.378817
-77.342027 4.375730
-81.922961 12.659507
-79.277695 9.029935
-86.333333 16.000000
-83.000000 20.000000
-72.422350 6.889799
-71.029113 1.478500
-65.788323 2.872196
-61.428870 2.607673
-60.000000 -0.666667
174.000000 52.000000
195.250000 81.750000
179.987716 57.961458
188.157065 65.271385
180.202165 64.069460
189.991685 76.766065
184.329523 72.435762
174.325887 57.912906
191.000000 86.000000
153.600000 154.000000
187.000000 89.750000
155.800000 148.000000
183.000000 93.500000
158.000000 142.000000
179.000000 97.250000
160.428571 136.142857
162.857143 130.285714
175.000000 101.000000
165.285714 124.428571
170.142857 112.714286
172.571429 106.857143
167.714286 118.571429
148.258959 152.103965
142.866909 150.193063
125.850426 165.343963
127.693967 158.964857
129.692944 152.608244
137.401562 148.260000
131.856631 146.293648
120.091865 163.660416
118.395453 170.159696
112.496155 168.576201
106.467917 166.984138
-93.750000 75.750000
100.281095 165.412042
36.209532 158.402091
92.589667 170.883279
57.888501 174.440821
38.910185 161.112388
43.357825 165.835171
54.285005 171.555207
49.649795 168.580721
60.897493 171.313758
65.156527 168.574865
85.980012 169.694610
78.343086 168.668878
70.107850 166.374997
73.681700 165.007435
93.890610 163.892196
-89.372798 79.360340
-84.947363 83.013820
-80.458354 86.726810
-75.907968 90.489795
28.288341 154.454535
32.350972 154.391882
36.851019 154.816259
-71.299907 94.293116
-66.632209 98.139379
-61.900962 102.015189
-57.085308 105.932300
-52.156710 109.913094
-47.072343 114.015639
-41.733872 118.406166
-35.607774 123.831024
17.149493 154.986340
24.622519 154.287370
21.133088 154.043149
15.954163 150.533398
-28.061171 125.929140
-21.942758 128.935626
14.978630 146.805339
-15.738001 132.495234
11.011582 145.717344
-2.343068 140.344086
4.805618 143.805420
-9.241879 136.383136
-73.698918 12.728438
-76.500000 20.500000
-70.378354 14.484494
-65.119413 10.741665
-58.470195 6.856776
-55.000000 0.666667
168.788111 57.994794
169.000000 52.000000
185.950630 81.605042
174.506513 63.620470
178.626372 69.590462
174.585342 67.857136
180.776030 77.690221
175.663903 74.349436
169.040762 64.044119
182.064484 86.009484
150.468744 146.052411
178.214279 90.282593
152.745559 140.032140
174.439321 94.661183
155.118804 134.064187
170.934692 99.412915
157.556819 128.128771
160.041587 122.214084
167.916262 104.778067
162.577804 116.326587
165.185735 110.491923
145.088289 144.081380
139.643347 142.080167
121.955607 157.165660
124.004160 150.689778
126.224828 144.275074
134.135849 140.042181
128.570711 137.952725
116.084893 155.319519
114.197431 161.950593
108.150353 160.219532
101.920338 158.488501
-89.375000 70.875000
-85.093940 74.321199
95.474057 156.786503
41.493424 156.560523
87.245252 162.438984
57.610837 167.067161
46.984541 159.369698
52.904078 162.797026
62.384752 163.055520
68.317664 160.541612
80.564499 161.004658
74.382702 159.928910
88.796140 155.133655
-80.697392 77.866358
-76.192843 81.504116
-71.608696 85.203969
-66.959788 88.944740
24.605589 151.229079
43.202825 150.733057
27.422652 149.628559
32.175489 149.426086
37.415416 149.547563
-62.251273 92.703512
-57.465218 96.499999
-52.583672 100.324638
-47.567327 104.185977
-42.356447 108.108750
-36.852133 112.123412
-30.868625 115.993183
-24.470400 119.253390
21.134581 149.109348
17.855649 144.024822
-18.113467 122.445617
-11.771308 125.878891
13.299749 140.107071
-5.308622 129.520801
7.646202 136.772280
1.256801 133.232077
-85.000000 66.000000
-81.500000 60.333333
-78.000000 54.666667
-74.500000 49.000000
-71.000000 43.333333
-67.500000 37.666667
-70.000000 21.000000
-67.000000 26.500000
-63.359844 16.620186
-57.448596 13.520699
-53.061827 12.174408
-51.999415 7.889280
-50.000000 2.000000
163.033770 64.317674
162.953077 58.103926
163.000000 52.000000
177.125809 82.376430
170.239541 70.729941
172.326070 78.924521
168.684350 76.107066
163.088403 70.836669
173.368792 86.966722
147.385435 138.003011
169.666158 91.794204
149.761598 131.962962
166.203328 96.976670
152.222094 125.959628
163.040745 102.457527
154.756415 119.983000
157.380550 114.044863
160.124990 108.180420
141.965288 135.942572
136.501278 133.855140
118.184839 148.706553
120.482528 142.171911
122.931510 135.771031
131.001760 131.729058
125.470735 129.529498
112.186868 146.640122
110.046460 153.427043
103.797509 151.506051
97.293455 149.612839
-80.966954 69.144399
-76.577889 72.599773
90.530639 147.797324
49.662457 152.663020
81.871322 153.563174
58.013287 155.530261
66.951665 153.260848
74.603699 152.611612
83.438031 145.992267
-72.042522 76.174841
51.026323 145.425959
-67.419456 79.812666
-62.727925 83.487674
51.761562 138.635486
44.325032 144.228679
45.341922 137.510641
-57.962478 87.193504
25.742470 145.492848
37.744547 143.253360
31.344860 143.469689
-53.135392 90.908881
-48.215440 94.627203
-43.150196 98.345775
-37.889585 102.053222
-32.368753 105.712430
-26.543756 109.221853
-20.445064 112.574004
-14.207384 115.873451
22.464310 139.951216
17.353687 134.735795
-7.871294 119.274630
-1.428215 122.848985
11.404834 130.460178
5.055246 126.568679
-77.102305 63.739939
-73.385560 58.222386
-69.713496 52.696456
-66.024164 47.222142
-62.206841 41.863460
-64.000000 32.000000
-57.919819 36.765269
-60.600881 22.284979
-57.058658 27.391217
-54.892858 18.460908
-50.284914 14.680526
-46.781460 10.068617
-43.666667 4.666667
156.557841 70.648272
156.853528 64.330973
156.947002 58.145913
157.000000 52.000000
168.433584 83.448084
162.860268 77.995818
155.609786 77.063014
164.622826 88.649369
144.363044 129.845752
161.145724 94.243419
146.846176 123.783540
157.928024 99.938425
149.413181 117.740238
154.918802 105.773878
152.091860 111.725276
138.934399 127.720499
133.478822 125.583426
114.579929 139.937573
117.184798 133.424966
119.916860 127.182963
128.021412 123.424090
122.615305 121.200962
108.416351 137.517168
105.943390 144.492751
99.375597 142.339828
92.461908 140.391156
-72.598214 67.225763
-67.996099 70.780995
85.433628 138.890547
58.198422 145.986536
74.638287 142.552026
66.022416 144.911936
79.977734 137.500680
-63.326384 74.375271
57.792897 138.866919
57.136970 134.215149
-58.601468 77.991027
52.840616 132.783748
-53.813461 81.607230
46.754542 131.007479
38.339451 136.181725
40.032363 129.231795
-48.955983 85.233317
29.564827 135.042147
-44.000678 88.855410
-38.913679 92.439799
-33.648743 95.973132
-28.162134 99.422997
-22.434118 102.771573
-16.464324 106.104916
-10.319098 109.388168
-4.003072 112.759189
22.228277 128.820946
15.667074 124.140961
2.472350 116.297201
9.056900 120.040437
-68.739909 61.784334
-64.945225 56.347771
-61.156190 51.016913
-57.253134 45.865976
-53.092535 40.974704
-52.803804 32.133623
-48.610908 36.482005
-47.269517 27.936889
-51.213776 23.113972
-45.887961 18.567908
-41.374594 13.153466
-37.333333 7.333333
149.689289 76.110650
150.471903 70.271972
150.821397 64.253246
150.949023 58.169980
151.000000 52.000000
159.178482 85.582586
153.466409 83.183754
148.217907 81.561927
155.853692 91.490835
141.432942 121.614530
152.625042 97.323224
144.003236 115.504758
149.556813 103.301193
146.693237 109.387931
135.979271 119.465615
130.519497 117.370509
111.253209 130.784486
114.359929 124.543431
117.371501 118.812951
125.130355 115.352653
119.978875 113.389768
104.905634 127.572979
101.781755 134.895146
94.408242 132.539301
86.669597 131.465112
-64.061249 65.353131
-59.345920 68.913110
78.987735 131.947253
64.231403 137.092257
71.424627 134.233005
-54.608733 72.484383
60.811922 130.960779
55.314370 127.019707
-49.814821 76.028679
48.600788 124.568169
-44.947211 79.565687
41.698286 122.931572
33.416944 126.847989
36.290305 121.994053
-39.980424 83.078116
27.108250 122.404575
-34.884629 86.545586
-29.627386 89.946669
-24.181520 93.256915
-18.505643 96.561423
-12.616415 99.804157
-0.199150 106.357387
-6.515596 103.047592
6.347800 109.818245
20.159100 117.588032
13.128878 113.496678
-60.213034 59.962824
-56.401985 54.686140
-52.572097 49.636192
-48.647688 44.829956
-44.633962 40.394436
-40.500280 36.474975
-43.905770 32.548682
-40.191120 29.856395
-40.326304 23.806901
-35.557077 16.471784
-31.000000 10.000000
143.687399 80.688900
144.366090 75.660876
144.779670 70.091015
144.962710 64.250180
145.009351 58.263319
145.000000 52.200000
150.508368 88.907696
146.090049 86.961277
143.022299 84.298278
147.169808 94.584349
138.516677 113.308571
144.006791 100.754839
141.157837 107.063822
132.955130 111.229770
127.392585 109.413483
108.869184 121.330289
112.506572 116.082954
115.342951 111.368194
122.028661 107.971105
117.174499 106.839914
103.919378 117.071124
96.937176 122.803959
86.972467 123.162486
78.096760 123.627598
-55.494729 63.517724
-50.751056 67.032538
67.521875 124.706608
-45.976341 70.520436
58.318751 120.387639
50.581507 117.733810
-41.117014 73.970907
42.743783 116.105988
-36.153107 77.383505
33.417858 115.615864
-31.060929 80.747956
24.546335 110.686731
-25.816137 84.049732
-20.392349 87.293501
-14.769371 90.485942
-8.906159 93.705958
-2.834300 96.867969
10.095552 103.389252
3.488185 100.078464
17.052039 106.866868
-51.723674 58.258656
-48.002698 53.203043
-44.314859 48.407416
-40.700555 43.912009
-37.253424 39.953770
-34.601470 37.144274
-35.568760 32.543701
-32.897178 25.764896
-29.610600 19.335122
-25.857143 13.000000
139.698863 85.596245
139.257676 80.878773
139.211615 75.747664
139.236028 70.208769
139.210316 64.405792
139.113191 58.445277
139.000000 52.400000
141.206352 91.470080
138.174225 98.225131
135.428079 104.835257
129.417809 103.021706
123.461705 102.184422
108.247435 112.847179
111.224789 108.780002
113.710141 106.120822
117.975278 102.001650
112.851145 102.608711
105.817986 110.436454
101.102975 111.614939
94.414230 113.677774
86.458824 114.699046
77.927387 114.918419
69.139470 114.337228
-47.037168 61.736111
-42.295671 65.145914
60.602151 112.515510
-37.462372 68.503342
52.488124 110.409137
44.422582 108.465657
-32.513047 71.816975
36.160611 106.483739
-27.430303 75.085348
28.112404 103.458770
-22.195208 78.311362
20.624907 100.232970
-16.788143 81.489952
-11.189844 84.616706
-5.348215 87.769917
0.702083 90.848166
7.015282 93.934675
13.633374 97.055462
-43.424675 56.627636
-39.922464 51.748060
-36.588472 47.089605
-33.574614 42.718302
-31.132838 38.483900
-29.277672 33.593898
-26.909701 27.927984
-23.947103 21.990427
-20.714286 16.000000
135.899320 91.022941
134.251787 87.060672
134.337294 81.687736
133.934913 76.247730
133.681063 70.591413
133.457030 64.738203
133.226038 58.720174
133.000000 52.600000
132.005832 95.726647
124.079191 95.909522
118.028302 96.433867
107.138741 105.122579
112.155423 97.199507
106.147380 98.261260
100.242720 105.485523
93.354956 106.316079
85.937024 106.828599
78.108613 106.767667
70.096437 106.062249
62.109320 104.730821
-38.761690 59.945555
-33.975028 63.194841
54.236635 103.015099
-29.048820 66.401885
46.425577 101.091504
38.649218 98.963161
-23.974959 69.584791
31.068686 96.471000
-18.744849 72.740299
23.817619 93.723045
-13.343454 75.854954
16.927187 90.857132
-7.758423 78.923596
-1.938244 81.996904
4.083309 84.983544
10.360613 87.936418
-35.376815 54.938603
-32.182067 50.073418
-29.228819 45.371251
-26.556304 40.628747
-24.044221 35.618012
-21.414210 30.266142
-18.561601 24.682420
-15.571429 19.000000
129.708218 88.485342
128.953965 82.694235
128.420921 76.968215
128.016360 71.169893
127.661328 65.238541
127.322587 59.115806
127.000000 52.800000
123.792716 89.664885
117.725637 90.482525
111.686786 91.242275
99.607904 98.946081
105.511119 91.951636
99.071980 92.453011
92.767497 99.383585
85.678940 99.547792
78.336612 99.292630
70.847064 98.567569
63.317131 97.402190
55.810780 95.889254
-30.651433 58.046768
-25.745968 61.145613
48.349427 94.107959
-20.675419 64.241099
40.950598 92.122172
33.715073 89.876731
-15.442009 67.319674
26.715730 87.421546
-10.040007 70.373529
19.990063 84.815935
-4.455292 73.393667
13.525073 82.086112
1.324114 76.364800
7.310409 79.265264
-27.494695 53.039852
-24.508920 48.118184
-21.676548 43.170560
-18.925787 38.096104
-16.155451 32.851611
-13.315856 27.464795
-10.428571 22.000000
123.196653 83.646425
122.671840 77.751284
122.212339 71.863988
121.795911 65.914693
121.389902 59.776785
121.000000 53.000000
117.266718 84.475960
111.215087 85.191322
105.034440 85.776327
92.409064 92.706764
98.675133 86.141333
92.177969 86.266895
85.580738 92.681733
78.596367 92.309403
71.505345 91.569568
64.369172 90.484546
57.233802 89.102777
50.130513 87.470706
-22.590583 56.019097
-17.508763 59.017103
43.077921 85.643471
-12.265429 62.022797
36.154266 83.598925
29.402133 81.353596
-6.866221 65.012800
22.858219 78.942247
-1.280511 67.985480
16.522284 76.377416
4.461406 70.875376
10.392846 73.681478
-19.566161 50.960561
-16.647575 45.906267
-13.795823 40.795780
-10.954240 35.605922
-8.118235 30.329774
-5.285714 25.000000
116.785170 78.516156
116.318376 72.603216
115.859691 66.720243
115.426442 60.857396
115.000000 55.000000
110.762285 79.190327
104.623355 79.713836
98.357091 79.997585
85.579230 86.129725
92.030156 80.055151
85.636592 79.838119
78.885782 85.686144
72.120330 84.934572
65.328485 83.899835
58.539171 82.615269
51.777261 81.112929
45.050936 79.427008
-14.455105 53.870714
-9.192212 56.816129
38.417527 77.545418
-3.783316 59.760234
31.912028 75.472520
25.558308 73.219471
1.772285 62.667173
19.367603 70.797839
7.477897 65.497242
13.341192 68.216808
-11.494741 48.752365
-8.585068 43.632943
-5.725490 38.469050
-2.910754 33.256766
-0.142857 28.000000
110.319628 73.279623
109.882569 67.498987
109.437698 61.931791
109.000000 57.000000
104.236126 73.791531
98.080223 74.046787
91.915689 74.055278
79.195419 79.343882
85.732344 73.780872
79.531913 73.241032
72.717790 78.582520
66.232007 77.583755
59.757678 76.374846
53.311953 74.979139
46.892302 73.414107
40.535882 71.669954
-6.203023 51.665525
-0.787864 54.578227
34.265538 69.742247
4.735893 57.443747
28.108188 67.630874
22.074888 65.339550
10.388325 60.222286
16.167828 62.865194
-3.282094 46.533390
-0.426140 41.398382
2.365033 36.243858
5.000000 31.000000
103.840622 68.051324
103.433080 62.568316
103.000000 57.333333
97.796604 68.321238
91.801312 68.299119
85.854016 67.961884
73.318084 72.469001
79.907477 67.363646
73.939017 66.571373
67.106478 71.497596
60.915321 70.350110
54.757608 69.040567
48.621692 67.579331
42.527067 65.950801
36.484895 64.149694
2.126248 49.443245
7.620285 52.306007
30.522749 62.171762
13.210458 55.061070
24.658094 60.011001
18.889272 57.642006
4.974895 44.352215
7.761938 39.294398
10.500000 34.250000
97.450271 62.872509
97.000000 57.666667
91.609468 62.854815
86.000711 62.395190
80.346429 61.688834
67.970366 65.623727
74.595754 60.866370
68.829012 59.950250
62.030286 64.533349
56.134120 63.297572
50.262623 61.920850
44.412266 60.380767
38.584862 58.686146
32.812579 56.845712
10.444158 47.266201
15.971419 50.053164
27.131027 54.842252
21.531601 52.598850
13.230630 42.338730
16.000000 37.500000
91.000000 58.000000
86.332798 57.002040
80.912144 56.158109
75.297460 55.309032
63.104500 58.929666
69.667695 54.454628
64.109367 53.542641
57.450547 57.771250
51.838636 56.456665
46.221890 54.960264
40.578809 53.335255
34.966918 51.636348
29.493225 49.875646
18.719518 45.276284
24.152213 47.868530
21.500000 40.750000
92.500000 52.500000
87.165286 51.566821
81.653968 50.681860
76.029461 49.828940
70.431335 49.052197
58.688204 52.505489
64.953081 48.303583
59.752839 47.518632
53.382506 51.229397
48.032001 49.686806
42.509851 48.049181
36.947605 46.461414
31.599937 44.998719
27.000000 44.000000
94.000000 47.000000
88.258064 46.074868
82.505802 45.187212
76.769440 44.385453
71.091900 43.694243
65.535243 43.141424
54.924402 46.399446
60.254957 42.863303
56.150137 43.198942
50.055606 44.518642
44.474281 42.691081
38.713377 41.178244
33.181330 39.861736
27.900000 38.700000
95.500000 41.500000
89.366012 40.540009
83.359858 39.675994
77.469733 38.935772
71.657587 38.332250
65.893317 37.916064
60.067283 37.892684
53.076802 39.105258
46.319299 37.066703
40.213709 35.722051
34.426318 34.526561
28.800000 33.400000
97.000000 36.000000
90.295065 34.886624
84.098057 34.068105
78.086918 33.398185
72.159852 32.857994
66.235073 32.467155
60.190248 32.244705
53.902852 31.976438
47.546160 31.174260
41.413589 30.146448
35.500601 29.117292
29.700000 28.100000
97.200000 29.800000
97.400000 23.600000
90.859578 29.021704
84.669981 28.333946
78.616690 27.754080
72.631484 27.271733
66.653543 26.862745
60.624961 26.484143
54.525352 26.023137
48.416852 25.370085
42.388449 24.559595
36.462048 23.689197
30.600000 22.800000
91.213454 23.036315
97.600000 17.400000
91.480126 17.005250
85.095181 22.509292
79.059146 22.039095
73.079428 21.617820
67.118019 21.220548
61.146224 20.805715
55.159750 20.313910
49.183062 19.717636
43.244704 19.018790
37.355783 18.270050
31.500000 17.500000
97.800000 11.200000
85.414144 16.629658
91.679533 10.948199
85.638447 10.718367
79.418048 16.279995
73.479175 15.942876
67.574379 15.594762
61.676042 15.184631
55.786547 14.705853
49.905636 14.141607
44.044706 13.516569
38.212523 12.863110
32.400000 12.200000
98.000000 5.000000
91.775349 4.856806
79.688225 10.500108
85.749757 4.785568
79.851323 4.720064
73.813555 10.265182
67.995499 9.985803
62.194018 9.600771
56.400644 9.125586
50.603761 8.589730
44.812593 8.023809
39.045572 7.456805
33.300000 6.900000
97.800000 -1.400000
91.710568 -1.287529
85.721392 -1.161379
74.058690 4.610922
79.862458 -1.047863
74.162238 -0.987774
68.352955 4.402867
62.690127 4.043561
57.013392 3.557629
51.289580 3.021158
45.550672 2.505238
39.849971 2.029778
34.200000 1.600000
97.600000 -7.800000
91.524193 -7.456224
85.531889 -7.115594
79.687471 -6.784069
68.632924 -1.062492
74.048282 -6.484733
68.731568 -6.299333
63.186732 -1.422205
57.675188 -2.013948
51.983981 -2.618235
46.230111 -3.103587
40.585667 -3.454168
35.100000 -3.700000
97.400000 -14.200000
91.242518 -13.625773
85.188667 -13.064363
79.288785 -12.510867
73.599176 -11.925259
62.734377 -6.793053
68.278653 -11.207785
64.325365 -10.442766
58.564835 -7.671269
52.722837 -8.443370
46.772597 -8.866333
41.098447 -9.070550
36.000000 -9.000000
97.200000 -20.600000
97.000000 -27.000000
95.500000 -32.750000
90.843146 -19.778508
84.663491 -19.015704
78.668616 -18.282251
72.815678 -17.484626
67.012965 -16.417695
60.613885 -14.088831
53.296982 -14.619991
47.039298 -14.836513
41.183276 -14.898064
35.571429 -14.857143
94.000000 -38.500000
92.500000 -44.250000
91.000000 -50.000000
89.500000 -55.750000
88.000000 -61.500000
90.209532 -25.847593
89.193945 -31.742604
87.972416 -37.529252
83.946501 -24.945406
77.889521 -24.121821
71.915051 -23.282481
65.882707 -22.332126
59.609950 -21.439318
53.185946 -21.066769
46.953674 -20.960561
40.977296 -20.852790
35.142857 -20.714286
86.500000 -67.250000
85.000000 -73.000000
82.600000 -78.200000
86.685024 -43.254854
85.369033 -48.918002
84.021797 -54.506998
82.623020 -60.017547
81.134080 -65.443791
83.041090 -30.821944
82.004994 -36.620173
80.901713 -42.326584
77.018707 -29.984326
71.038225 -29.208181
65.011666 -28.478676
58.892494 -27.869145
52.719073 -27.432434
46.611128 -27.127422
40.622248 -26.852347
34.714286 -26.571429
79.451657 -70.735971
77.453598 -75.821335
80.200000 -83.400000
75.232805 -80.759007
79.782165 -47.919742
78.610795 -53.348644
77.347003 -58.617604
75.945445 -63.749363
74.336424 -68.741167
75.173462 -41.552181
76.099362 -35.817668
74.300732 -47.127070
70.207920 -35.141306
64.262588 -34.581561
58.242630 -34.125692
52.175997 -33.711498
46.138501 -33.296460
40.181326 -32.868884
34.285714 -32.428571
72.503875 -73.568824
70.441628 -78.215414
77.800000 -88.600000
72.833820 -85.592638
68.104063 -82.688701
73.393017 -52.408084
72.325658 -57.387246
71.033000 -62.195165
69.523692 -66.924995
67.834575 -71.510719
68.875599 -46.664552
69.453921 -40.992134
68.411883 -51.851650
63.645433 -40.646813
57.695513 -40.400522
51.623142 -40.022898
45.585450 -39.497914
39.673619 -38.903277
33.857143 -38.285714
65.977587 -75.847109
63.765729 -79.945175
70.180085 -90.311748
75.400000 -93.800000
65.399645 -86.984537
61.164098 -83.883530
67.847838 -56.413369
66.450593 -60.686170
64.901578 -65.247865
63.475164 -69.764156
62.072537 -73.746490
63.128895 -52.337813
63.364071 -46.694476
64.514309 -55.764835
57.366884 -46.909085
51.062293 -46.527878
44.910571 -45.775312
39.058629 -44.956632
33.428571 -44.142857
59.895093 -77.310836
57.343395 -80.983618
73.000000 -99.000000
62.129834 -91.053781
66.991261 -94.833266
58.152591 -87.560146
54.752398 -84.609274
68.400000 -103.200000
62.384831 -58.729623
60.319360 -63.621942
59.224420 -68.735837
59.421820 -72.328403
56.649832 -74.308884
57.668401 -54.577006
50.193957 -53.272877
43.943383 -52.099351
38.182293 -50.990162
33.000000 -50.000000
53.646686 -78.040658
51.074695 -82.261938
52.665981 -87.374239
54.303045 -91.194244
62.909658 -99.115388
57.997678 -94.900387
49.094812 -87.135889
58.180913 -103.480007
63.800000 -107.400000
59.200000 -111.600000
54.600000 -115.800000
50.000000 -120.000000
54.898988 -61.850859
53.347100 -69.261382
49.445764 -74.961028
48.632325 -60.009660
42.576084 -58.368708
36.873589 -56.930152
31.400000 -55.600000
46.828258 -79.928360
44.637152 -84.732791
47.955798 -92.988504
52.860194 -99.062593
42.132998 -89.464609
47.198315 -104.314965
53.130375 -108.314744
47.663145 -113.497700
43.750000 -120.000000
46.700109 -66.475533
42.133452 -77.642895
44.372415 -72.333265
40.884629 -64.445620
35.294684 -62.750746
29.800000 -61.200000
40.135520 -82.577847
38.179729 -86.898551
36.619915 -89.871206
38.312756 -93.044071
41.646009 -99.650101
38.179741 -105.451104
41.092382 -110.878512
37.500000 -120.000000
39.008687 -70.213233
35.481494 -80.747860
37.151282 -75.646100
33.615093 -68.427034
28.200000 -66.800000
34.136193 -85.450126
33.370504 -89.760821
33.581568 -94.429909
33.724467 -99.792219
33.219819 -105.784085
32.644583 -112.413700
31.250000 -120.000000
31.955110 -73.937444
29.456090 -84.402280
30.497487 -79.272871
26.600000 -72.400000
28.830493 -89.379153
28.474984 -94.437061
28.044512 -99.814153
27.328752 -105.719964
26.309666 -112.306592
25.000000 -120.000000
23.854037 -88.794129
24.348633 -83.543009
25.000000 -78.000000
23.371649 -93.938839
22.660846 -99.183618
21.598323 -104.858287
20.323669 -111.227215
19.000000 -118.200000
18.502476 -93.342748
18.814881 -88.294047
19.051226 -82.917509
19.333333 -77.333333
17.693041 -98.016848
16.036327 -103.070139
14.353021 -109.394896
13.000000 -116.400000
13.939471 -93.019560
14.113939 -96.616708
13.793773 -88.061933
13.671559 -82.529574
13.666667 -76.666667
10.210068 -99.408917
7.918054 -106.909279
7.000000 -114.600000
1.000000 -112.800000
-5.000000 -111.000000
8.767065 -88.262251
9.428902 -93.287125
8.101849 -82.532714
8.000000 -76.000000
5.642853 -93.177100
3.527461 -96.938831
-0.520519 -103.710445
-8.750000 -105.750000
1.936445 -83.239823
3.741631 -89.240997
1.333333 -76.333333
-5.333333 -76.666667
-12.000000 -77.000000
-1.336310 -92.078705
-6.622588 -96.476858
-12.500000 -100.500000
-6.214293 -84.833547
-14.666667 -81.333333
-11.734699 -90.663299
-16.250000 -95.250000
-17.333333 -85.666667
-20.000000 -90.000000
elements
2188
1 3 4 0
2 5 3 1
4 3 9 8
6 9 3 5
7 10 9 6
8 9 13 12
10 14 13 9
11 15 16 17
12 13 19 18
14 20 19 13
15 21 22 16
17 16 22 23
19 24 25 18
27 24 19 20
21 30 31 22
23 22 31 32
38 39 29 28
25 24 40 37
26 40 24 27
28 29 40 26
40 29 39 41
30 48 49 31
32 31 49 50
67 68 33 35
34 33 68 36
36 68 69 70
37 40 73 42
65 74 39 38
74 75 41 39
40 41 76 73
75 77 76 41
73 78 43 42
43 78 79 44
44 79 80 45
45 80 81 46
46 81 82 47
47 82 83 51
85 84 49 48
50 49 84 86
51 83 90 52
52 90 91 53
53 91 92 54
55 94 93 85
54 92 95 58
56 96 94 55
57 97 96 56
59 98 97 57
58 95 99 62
61 100 98 59
63 101 102 60
60 102 100 61
62 99 103 64
64 103 101 63
66 104 74 65
72 105 104 66
71 108 68 67
108 109 69 68
69 109 110 111
70 69 111 112
106 113 108 71
114 115 105 72
73 76 119 78
104 120 75 74
120 121 77 75
76 77 122 119
121 123 122 77
78 119 124 79
79 124 125 80
80 125 131 81
81 131 132 82
82 132 133 83
83 133 134 90
86 84 135 87
93 135 84 85
87 135 136 88
88 136 137 89
89 137 138 126
90 134 139 91
91 139 140 92
92 140 142 95
141 135 93 143
94 144 143 93
96 145 144 94
95 142 146 99
97 147 145 96
98 148 147 97
100 149 148 98
99 146 150 103
102 151 149 100
101 152 151 102
103 150 152 101
105 153 120 104
115 154 153 105
107 155 113 106
157 156 155 107
113 158 109 108
158 159 110 109
111 110 159 160
112 111 160 161
155 162 158 113
172 173 115 114
173 174 154 115
117 177 178 116
179 177 117 118
119 122 185 124
153 186 121 120
186 187 123 121
185 122 123 187
124 185 188 125
125 188 189 131
126 138 196 127
130 197 195 190
127 196 198 128
128 198 199 129
129 199 197 130
131 189 200 132
132 200 201 133
133 201 202 134
134 202 203 139
141 204 136 135
136 204 205 137
138 207 206 196
137 205 207 138
139 203 208 140
140 208 209 142
143 210 204 141
142 209 211 146
144 212 210 143
145 213 212 144
147 214 213 145
146 211 215 150
148 216 214 147
151 217 218 149
149 218 216 148
152 219 217 151
150 215 219 152
154 220 186 153
174 221 220 154
163 222 156 157
156 222 162 155
162 224 159 158
161 160 225 223
160 159 224 225
222 226 224 162
164 227 222 163
165 228 227 164
166 229 228 165
167 230 229 166
168 231 230 167
169 232 231 168
171 234 232 169
175 233 235 170
170 235 234 171
236 237 173 172
237 238 174 173
238 239 221 174
176 240 233 175
241 256 240 176
184 257 177 179
178 177 257 180
180 257 258 181
181 258 259 182
182 259 260 183
183 260 261 242
191 262 257 184
185 187 263 188
220 264 187 186
187 264 265 263
188 263 266 189
189 266 267 200
190 195 268 194
193 269 262 191
194 268 270 192
192 270 269 193
195 271 272 268
197 273 271 195
196 206 274 198
198 274 275 199
199 275 273 197
200 267 276 201
201 276 277 202
202 277 278 203
203 278 279 208
204 210 280 205
206 281 282 274
205 280 283 207
207 283 281 206
208 279 284 209
209 284 285 211
210 212 286 280
211 285 287 215
213 288 286 212
214 289 288 213
216 290 289 214
215 287 291 219
218 292 290 216
217 293 292 218
219 291 293 217
221 294 264 220
239 295 294 221
227 297 226 222
223 225 298 296
225 224 299 298
226 297 299 224
228 300 297 227
229 301 300 228
230 302 301 229
231 303 302 230
232 304 303 231
234 306 304 232
240 305 307 233
235 308 306 234
233 307 308 235
309 310 237 236
310 311 238 237
311 312 239 238
312 313 295 239
256 314 305 240
243 315 256 241
242 261 316 244
245 317 315 243
244 316 318 246
249 319 317 245
246 318 320 247
247 320 322 248
248 322 321 250
252 323 319 249
250 321 324 251
251 324 325 255
254 326 323 252
255 325 327 253
253 327 326 254
315 328 314 256
262 329 258 257
258 329 330 259
259 330 331 260
260 331 332 261
261 332 333 316
269 334 329 262
263 265 335 266
294 336 265 264
336 337 335 265
266 335 338 267
267 338 339 276
270 340 334 269
268 272 340 270
272 271 342 340
273 341 342 271
275 343 341 273
274 282 343 275
276 339 344 277
277 344 345 278
278 345 346 279
279 346 347 284
280 286 349 283
282 350 348 343
283 349 351 281
281 351 350 282
350 353 352 348
284 347 354 285
285 354 355 287
286 288 356 349
287 355 357 291
289 358 356 288
292 359 360 290
290 360 358 289
293 361 359 292
291 357 361 293
295 362 336 294
313 363 362 295
296 298 365 364
298 299 366 365
300 366 299 297
301 367 366 300
302 368 367 301
303 369 368 302
314 370 371 305
304 372 369 303
306 373 372 304
305 371 374 307
308 375 373 306
307 374 375 308
376 377 310 309
377 378 311 310
378 379 312 311
379 380 313 312
380 381 363 313
328 382 370 314
317 383 328 315
316 333 384 318
319 385 383 317
318 384 386 320
323 387 385 319
320 386 388 322
322 388 390 321
321 390 389 324
326 391 387 323
324 389 392 325
325 392 393 327
327 393 391 326
383 394 382 328
329 334 395 330
330 395 396 331
331 396 397 332
332 397 398 333
333 398 399 384
340 400 395 334
401 395 400 402
335 337 403 338
336 362 404 337
337 404 405 403
338 403 406 339
339 406 407 344
340 342 408 400
341 409 408 342
343 348 409 341
344 407 410 345
345 410 411 346
346 411 412 347
347 412 413 354
348 352 414 409
352 415 416 414
349 356 417 351
351 417 353 350
353 418 415 352
417 419 418 353
354 413 420 355
355 420 421 357
356 358 422 417
357 421 423 361
360 424 422 358
361 423 425 359
359 425 424 360
363 426 404 362
381 427 426 363
364 365 429 428
365 366 430 429
366 367 431 430
368 432 431 367
369 433 432 368
372 434 433 369
382 435 436 370
370 436 437 371
371 437 438 374
373 439 434 372
375 440 439 373
374 438 440 375
441 442 377 376
442 443 378 377
443 444 379 378
444 445 380 379
445 446 381 380
446 447 427 381
394 448 435 382
385 449 394 383
384 399 450 386
387 451 449 385
386 450 452 388
391 453 451 387
388 452 454 390
390 454 456 389
389 456 455 392
392 455 457 393
393 457 453 391
449 458 448 394
401 459 396 395
396 459 460 397
397 460 461 398
399 463 462 450
398 461 463 399
400 408 464 402
402 465 459 401
402 464 466 465
403 405 467 406
426 468 405 404
468 469 467 405
406 467 470 407
407 470 471 410
409 414 473 408
408 473 472 464
410 471 474 411
411 474 475 412
412 475 476 413
413 476 477 420
414 416 478 473
418 479 480 415
416 415 480 478
422 481 419 417
419 481 479 418
420 477 482 421
421 482 483 423
424 484 481 422
425 485 484 424
423 483 485 425
427 486 468 426
447 487 486 427
428 429 489 488
429 430 490 489
430 431 491 490
431 432 492 491
433 493 492 432
434 495 493 433
448 494 496 435
439 497 495 434
435 496 498 436
436 498 499 437
437 499 500 438
440 501 497 439
438 500 501 440
502 503 442 441
503 504 443 442
504 505 444 443
505 506 445 444
506 507 446 445
507 509 447 446
509 508 487 447
458 510 494 448
451 512 458 449
450 462 513 452
453 514 512 451
452 513 515 454
457 516 514 453
454 515 517 456
456 517 518 455
455 518 516 457
512 519 510 458
459 465 521 460
460 521 523 461
461 523 522 463
462 524 520 513
463 522 524 462
464 472 527 466
465 528 526 521
465 466 527 528
467 469 529 470
486 530 469 468
530 531 529 469
470 529 533 471
471 533 532 474
473 478 535 472
472 535 534 527
474 532 536 475
475 536 537 476
476 537 538 477
477 538 539 482
478 480 540 535
481 484 541 479
479 541 540 480
482 539 542 483
485 543 541 484
483 542 543 485
487 544 530 486
508 545 544 487
510 511 546 494
488 489 549 548
489 490 550 549
490 491 551 550
491 492 552 551
492 493 553 552
495 554 553 493
494 546 555 496
497 556 554 495
496 555 557 498
501 558 556 497
498 557 559 499
500 560 558 501
499 559 560 500
561 562 503 502
562 563 504 503
563 564 505 504
564 565 506 505
565 566 507 506
566 567 509 507
567 569 508 509
569 568 545 508
519 570 511 510
511 571 547 546
570 572 571 511
514 573 519 512
513 520 574 515
516 575 573 514
515 574 576 517
517 576 577 518
518 577 575 516
573 578 570 519
520 525 579 574
524 580 525 520
521 526 581 523
523 581 582 522
522 582 580 524
580 583 584 525
525 584 585 579
526 586 587 581
528 588 586 526
527 534 588 528
529 531 589 533
530 544 589 531
533 589 592 532
532 592 591 536
535 540 593 534
534 593 590 588
536 591 594 537
537 594 595 538
538 595 596 539
539 596 597 542
541 598 593 540
543 599 598 541
542 597 599 543
545 600 589 544
568 601 600 545
546 547 602 555
571 603 604 547
547 604 605 602
548 549 607 606
549 550 608 607
550 551 609 608
551 552 610 609
552 553 611 610
553 554 612 611
556 613 612 554
555 602 614 557
558 615 613 556
557 614 616 559
560 617 615 558
559 616 617 560
618 619 562 561
619 620 563 562
620 621 564 563
621 622 565 564
622 623 566 565
623 624 567 566
624 625 569 567
625 627 568 569
627 626 601 568
578 628 572 570
571 572 629 603
628 630 629 572
575 631 578 573
574 579 632 576
577 633 631 575
576 632 633 577
631 634 628 578
579 585 636 632
580 582 637 583
581 587 637 582
583 637 638 584
584 638 639 585
585 639 640 636
588 641 587 586
587 641 642 637
590 643 641 588
600 644 592 589
593 645 643 590
591 647 646 594
592 644 647 591
598 648 645 593
594 646 649 595
596 651 650 597
595 649 651 596
599 652 648 598
597 650 652 599
601 654 644 600
626 653 654 601
602 605 656 614
603 629 657 658
603 658 659 604
604 659 660 605
660 661 656 605
606 607 662 655
607 608 663 662
608 609 664 663
609 610 665 664
610 611 666 665
611 612 667 666
612 613 668 667
615 669 668 613
614 656 670 616
617 671 669 615
616 670 671 617
673 674 619 618
674 675 620 619
675 676 621 620
676 677 622 621
677 678 623 622
678 679 624 623
679 680 625 624
680 682 627 625
682 683 626 627
683 681 653 626
635 684 628 634
684 686 630 628
630 686 657 629
657 686 687 685
632 636 688 633
633 688 634 631
634 688 689 635
689 690 684 635
636 640 691 688
637 642 692 638
638 692 693 639
639 693 694 640
640 694 695 691
641 643 696 642
642 696 697 692
645 698 696 643
644 654 699 647
645 648 700 698
646 702 701 649
647 699 702 646
652 703 700 648
649 701 704 651
650 705 703 652
651 704 705 650
681 706 654 653
706 707 699 654
655 662 714 672
661 715 670 656
658 657 685 716
658 716 717 659
659 717 718 660
660 718 719 661
661 719 720 715
685 722 721 716
662 663 723 714
663 664 724 723
664 665 725 724
665 666 726 725
666 667 727 726
667 668 728 727
668 669 729 728
669 671 730 729
670 715 730 671
672 714 731 713
732 733 674 673
733 734 675 674
734 735 676 675
735 736 677 676
736 737 678 677
737 738 679 678
738 739 680 679
741 740 706 681
739 742 682 680
742 743 683 682
743 741 681 683
684 690 744 686
685 687 745 722
686 744 746 687
687 746 747 745
688 691 748 689
689 748 749 690
749 750 744 690
691 695 751 748
692 697 752 693
693 752 753 694
694 753 754 695
695 754 755 751
696 698 756 697
697 756 757 752
700 758 756 698
699 707 759 702
703 760 758 700
702 759 762 701
701 762 761 704
705 763 760 703
704 761 763 705
740 764 707 706
707 764 765 759
709 767 766 708
710 768 767 709
711 769 768 710
770 769 711 712
713 731 772 771
714 723 773 731
715 720 774 730
716 721 775 717
717 775 776 718
718 776 777 719
719 777 778 720
778 779 774 720
721 781 780 775
722 783 781 721
722 745 782 783
723 724 784 773
724 725 785 784
725 726 786 785
726 727 787 786
727 728 788 787
728 729 789 788
729 730 790 789
730 774 791 790
731 773 792 772
793 794 733 732
794 795 734 733
795 796 735 734
796 797 736 735
797 798 737 736
798 799 738 737
799 800 739 738
800 802 742 739
803 801 764 740
804 803 740 741
802 805 743 742
805 804 741 743
744 750 806 746
747 807 782 745
806 808 747 746
808 809 807 747
748 751 810 749
810 811 750 749
750 811 812 806
751 755 813 810
752 757 814 753
753 814 815 754
754 815 816 755
755 816 817 813
756 758 818 757
757 818 819 814
758 760 820 818
759 765 821 762
763 822 820 760
761 823 822 763
762 821 823 761
801 824 765 764
765 824 825 821
766 767 828 827
768 829 828 767
769 830 829 768
831 830 769 770
771 772 833 832
772 792 834 833
773 784 835 792
774 779 836 791
775 780 837 776
776 837 838 777
838 839 778 777
778 839 840 779
779 840 841 836
780 843 842 837
781 844 843 780
783 845 844 781
783 782 847 845
782 807 846 847
784 785 848 835
785 786 849 848
786 787 850 849
787 788 851 850
788 789 852 851
789 790 853 852
790 791 854 853
791 836 855 854
792 835 856 834
857 858 794 793
858 859 795 794
859 860 796 795
860 861 797 796
861 862 798 797
826 824 864 863
865 864 824 801
862 866 799 798
866 867 800 799
867 868 802 800
869 865 801 803
868 870 805 802
870 871 804 805
871 869 803 804
812 872 808 806
809 873 846 807
808 872 874 809
809 874 875 873
810 813 876 811
811 876 877 812
877 878 872 812
813 817 879 876
814 819 880 815
815 880 881 816
816 881 883 817
817 883 882 879
818 820 884 819
819 884 885 880
822 886 884 820
823 887 886 822
821 825 887 823
826 888 825 824
889 887 825 888
863 890 888 826
827 828 892 891
828 829 893 892
830 894 893 829
895 894 830 831
832 833 898 896
833 834 899 898
834 856 900 899
835 848 901 856
836 841 902 855
837 842 904 838
838 904 903 839
839 903 905 840
840 905 902 841
907 906 904 842
843 908 907 842
844 909 908 843
845 911 909 844
873 910 912 846
847 913 911 845
846 912 913 847
848 849 914 901
849 850 915 914
850 851 916 915
851 852 917 916
852 853 918 917
853 854 919 918
855 920 919 854
855 902 921 920
856 901 922 900
923 924 858 857
924 925 859 858
925 926 860 859
926 927 861 860
927 928 862 861
928 929 866 862
930 890 863 931
932 933 864 865
933 931 863 864
934 932 865 869
929 935 867 866
935 937 868 867
937 936 870 868
936 938 871 870
938 934 869 871
872 878 939 874
875 940 910 873
874 939 941 875
875 941 942 940
876 879 943 877
943 944 878 877
878 944 945 939
879 882 946 943
880 885 948 881
882 949 947 946
881 948 950 883
883 950 949 882
884 886 951 885
885 951 952 948
887 953 951 886
889 954 953 887
890 955 889 888
955 956 954 889
930 957 955 890
891 892 958 959
892 893 960 958
894 961 960 893
962 961 894 895
896 898 969 897
897 969 970 965
898 899 971 969
899 900 972 971
900 922 973 972
901 914 974 922
905 975 921 902
904 906 976 903
976 975 905 903
907 977 976 906
908 978 977 907
909 979 978 908
911 980 979 909
910 983 982 912
940 981 983 910
913 984 980 911
912 982 984 913
914 915 985 974
915 916 986 985
916 917 987 986
917 918 989 987
918 919 990 989
919 920 991 990
920 921 988 991
975 992 988 921
922 974 993 973
994 995 924 923
995 996 925 924
996 997 926 925
997 998 927 926
998 999 928 927
999 1000 929 928
1000 1001 935 929
1003 1002 957 930
1004 1003 930 931
1005 1004 931 933
1006 1007 932 934
1007 1005 933 932
1008 1006 934 938
1001 1009 937 935
1009 1010 936 937
1010 1008 938 936
939 945 1011 941
942 1012 981 940
1011 1013 942 941
1013 1014 1012 942
946 1016 944 943
944 1016 1017 945
945 1017 1015 1011
946 947 1019 1016
949 1020 1019 947
1021 1020 949 950
1021 950 948 952
951 953 1022 952
952 1022 1023 1021
954 1024 1022 953
957 1025 956 955
1025 1024 954 956
1002 1026 1025 957
959 958 1030 963
958 960 1029 1030
961 1031 1029 960
1032 1031 961 962
963 1030 1034 964
964 1034 1035 1033
965 970 1036 966
966 1036 1037 967
967 1037 1038 968
968 1038 1040 1039
969 971 1041 970
970 1041 1042 1036
971 972 1043 1041
972 973 1044 1043
973 993 1045 1044
974 985 1046 993
976 1047 992 975
977 1049 1047 976
978 1050 1049 977
981 1012 1048 1051
978 979 1052 1050
980 1053 1052 979
984 1054 1053 980
981 1051 1055 983
982 1056 1054 984
982 983 1055 1056
985 986 1057 1046
988 992 1058 1059
986 987 1060 1057
987 989 1061 1060
991 988 1059 1062
989 990 1063 1061
990 991 1062 1063
1047 1064 1058 992
993 1046 1066 1045
1067 1068 995 994
1068 1069 996 995
1069 1070 997 996
1070 1071 998 997
1071 1072 999 998
1072 1073 1000 999
1073 1074 1001 1000
1074 1075 1009 1001
1076 1026 1002 1003
1077 1076 1003 1004
1078 1079 1005 1007
1079 1077 1004 1005
1080 1081 1006 1008
1081 1078 1007 1006
1075 1082 1010 1009
1082 1080 1008 1010
1015 1083 1013 1011
1014 1084 1048 1012
1013 1083 1085 1014
1085 1086 1084 1014
1015 1018 1087 1083
1016 1019 1088 1017
1017 1088 1018 1015
1088 1089 1087 1018
1020 1090 1088 1019
1021 1092 1090 1020
1023 1093 1092 1021
1022 1024 1093 1023
1094 1093 1024 1025
1091 1095 1026 1076
1095 1094 1025 1026
1027 1096 1097 1028
1028 1097 1098 1099
1030 1029 1104 1034
1031 1103 1104 1029
1105 1103 1031 1032
1033 1035 1107 1106
1034 1104 1108 1035
1035 1108 1109 1107
1036 1042 1113 1037
1037 1113 1114 1038
1038 1114 1115 1040
1039 1040 1116 1112
1040 1115 1117 1116
1041 1043 1118 1042
1042 1118 1119 1113
1043 1044 1120 1118
1044 1045 1121 1120
1045 1066 1122 1121
1046 1057 1123 1066
1049 1124 1064 1047
1051 1048 1127 1126
1048 1084 1125 1127
1050 1128 1124 1049
1052 1129 1128 1050
1051 1126 1130 1055
1053 1131 1129 1052
1054 1132 1131 1053
1056 1133 1132 1054
1055 1130 1133 1056
1057 1060 1134 1123
1064 1065 1135 1058
1059 1058 1135 1136
1062 1059 1136 1137
1060 1061 1138 1134
1061 1063 1139 1138
1063 1062 1137 1139
1124 1140 1065 1064
1141 1135 1065 1140
1066 1123 1142 1122
1143 1144 1068 1067
1144 1145 1069 1068
1145 1146 1070 1069
1146 1147 1071 1070
1147 1148 1072 1071
1148 1149 1073 1072
1149 1150 1074 1073
1150 1151 1075 1074
1151 1152 1082 1075
1153 1091 1076 1077
1154 1153 1077 1079
1155 1156 1078 1081
1156 1154 1079 1078
1152 1157 1080 1082
1157 1155 1081 1080
1083 1087 1158 1085
1086 1159 1125 1084
1085 1158 1160 1086
1086 1160 1161 1159
1087 1089 1162 1158
1090 1164 1089 1088
1089 1164 1165 1162
1163 1166 1091 1153
1090 1092 1167 1164
1166 1168 1095 1091
1092 1093 1169 1167
1168 1170 1094 1095
1170 1169 1093 1094
1102 1171 1097 1096
1097 1171 1172 1098
1099 1098 1174 1100
1173 1174 1098 1172
1100 1174 1175 1101
1177 1176 1171 1102
1111 1181 1103 1105
1181 1108 1104 1103
1106 1107 1182 1110
1107 1109 1183 1182
1181 1183 1109 1108
1110 1182 1184 1180
1185 1186 1181 1111
1112 1116 1189 1188
1113 1119 1190 1114
1114 1190 1191 1115
1115 1191 1192 1117
1116 1117 1193 1189
1117 1192 1194 1193
1118 1120 1195 1119
1119 1195 1196 1190
1120 1121 1197 1195
1121 1122 1198 1197
1122 1142 1199 1198
1123 1134 1200 1142
1128 1201 1140 1124
1127 1125 1159 1202
1130 1126 1127 1203
1127 1202 1204 1203
1129 1205 1201 1128
1131 1206 1205 1129
1130 1203 1207 1133
1132 1208 1206 1131
1132 1133 1207 1208
1201 1209 1210 1140
1134 1138 1211 1200
1136 1135 1141 1212
1137 1136 1212 1213
1138 1139 1214 1211
1139 1137 1213 1214
1141 1140 1210 1215
1212 1141 1215 1216
1142 1200 1217 1199
1218 1219 1144 1143
1219 1220 1145 1144
1220 1221 1146 1145
1221 1223 1147 1146
1223 1224 1148 1147
1224 1225 1149 1148
1225 1226 1150 1149
1226 1227 1151 1150
1227 1228 1152 1151
1228 1229 1157 1152
1230 1231 1154 1156
1231 1163 1153 1154
1229 1232 1155 1157
1232 1230 1156 1155
1158 1162 1233 1160
1159 1234 1222 1202
1161 1235 1234 1159
1160 1233 1236 1161
1161 1236 1237 1235
1165 1238 1233 1162
1239 1240 1163 1231
1240 1241 1166 1163
1164 1167 1242 1165
1243 1238 1165 1242
1241 1244 1168 1166
1242 1167 1169 1245
1244 1246 1170 1168
1246 1245 1169 1170
1176 1247 1172 1171
1173 1249 1248 1174
1249 1173 1172 1247
1175 1174 1248 1250
1178 1253 1176 1177
1253 1252 1247 1176
1179 1254 1253 1178
1256 1255 1254 1179
1180 1184 1259 1187
1186 1260 1183 1181
1182 1183 1260 1184
1184 1260 1261 1259
1258 1262 1186 1185
1262 1263 1260 1186
1187 1259 1264 1257
1188 1189 1279 1266
1189 1193 1280 1279
1190 1196 1281 1191
1191 1281 1282 1192
1192 1282 1283 1194
1193 1194 1284 1280
1194 1283 1285 1284
1196 1287 1286 1281
1195 1197 1287 1196
1197 1198 1288 1287
1198 1199 1289 1288
1199 1217 1291 1289
1200 1211 1293 1217
1205 1294 1209 1201
1202 1222 1292 1295
1203 1204 1296 1207
1204 1202 1295 1296
1206 1297 1294 1205
1208 1298 1297 1206
1208 1207 1296 1298
1209 1294 1299 1210
1210 1299 1300 1215
1211 1214 1301 1293
1214 1213 1302 1301
1213 1212 1216 1302
1216 1215 1300 1303
1216 1303 1304 1302
1217 1293 1305 1291
1290 1306 1219 1218
1306 1307 1220 1219
1307 1308 1221 1220
1308 1309 1223 1221
1234 1310 1311 1222
1292 1222 1311 1312
1309 1313 1224 1223
1313 1314 1225 1224
1314 1315 1226 1225
1315 1316 1227 1226
1316 1317 1228 1227
1317 1318 1229 1228
1318 1319 1232 1229
1319 1320 1230 1232
1320 1239 1231 1230
1233 1238 1321 1236
1235 1322 1310 1234
1321 1323 1237 1236
1237 1323 1322 1235
1243 1324 1321 1238
1325 1240 1239 1320
1325 1326 1241 1240
1326 1328 1244 1241
1327 1324 1243 1329
1331 1242 1245 1330
1329 1243 1242 1331
1328 1332 1246 1244
1332 1330 1245 1246
1333 1249 1247 1252
1250 1248 1334 1251
1333 1334 1248 1249
1254 1336 1252 1253
1335 1333 1252 1336
1337 1336 1254 1255
1338 1337 1255 1256
1257 1264 1339 1340
1265 1341 1262 1258
1259 1261 1342 1264
1263 1343 1261 1260
1261 1343 1344 1342
1341 1345 1263 1262
1345 1346 1343 1263
1264 1342 1347 1339
1267 1348 1341 1265
1266 1279 1349 1268
1269 1350 1348 1267
1268 1349 1351 1270
1271 1352 1350 1269
1270 1351 1353 1272
1274 1354 1352 1271
1272 1353 1355 1273
1273 1355 1356 1275
1277 1357 1354 1274
1275 1356 1358 1278
1276 1359 1357 1277
1278 1358 1359 1276
1279 1280 1360 1349
1280 1284 1361 1360
1281 1286 1362 1282
1282 1362 1363 1283
1283 1363 1364 1285
1284 1285 1365 1361
1285 1364 1366 1365
1287 1288 1368 1286
1286 1368 1367 1362
1288 1289 1369 1368
1289 1291 1370 1369
1371 1372 1306 1290
1291 1305 1373 1370
1295 1292 1312 1374
1293 1301 1375 1305
1294 1297 1376 1299
1296 1295 1374 1377
1378 1376 1297 1298
1298 1296 1377 1378
1299 1376 1379 1300
1303 1300 1379 1380
1301 1302 1381 1375
1302 1304 1382 1381
1304 1303 1380 1382
1305 1375 1383 1373
1372 1384 1307 1306
1384 1385 1308 1307
1385 1386 1309 1308
1386 1387 1313 1309
1310 1322 1388 1390
1311 1310 1390 1391
1374 1312 1392 1389
1312 1311 1391 1392
1387 1393 1314 1313
1393 1394 1315 1314
1394 1395 1316 1315
1395 1396 1317 1316
1396 1397 1318 1317
1397 1398 1319 1318
1398 1399 1320 1319
1399 1400 1325 1320
1324 1401 1323 1321
1401 1388 1322 1323
1402 1401 1324 1327
1400 1403 1326 1325
1403 1404 1328 1326
1405 1402 1327 1329
1406 1332 1328 1404
1405 1329 1331 1407
1408 1330 1332 1406
1407 1331 1330 1408
1333 1335 1415 1334
1415 1335 1336 1417
1417 1336 1337 1418
1420 1419 1418 1337
1421 1420 1337 1338
1339 1347 1422 1423
1340 1339 1423 1424
1348 1425 1345 1341
1342 1344 1426 1347
1426 1344 1343 1346
1425 1427 1346 1345
1427 1428 1426 1346
1347 1426 1429 1422
1350 1430 1425 1348
1349 1360 1431 1351
1352 1432 1430 1350
1351 1431 1433 1353
1354 1434 1432 1352
1353 1433 1435 1355
1357 1436 1434 1354
1355 1435 1437 1356
1356 1437 1438 1358
1358 1438 1439 1359
1359 1439 1436 1357
1360 1361 1440 1431
1361 1365 1441 1440
1362 1367 1442 1363
1363 1442 1443 1364
1364 1443 1444 1366
1365 1366 1445 1441
1366 1444 1446 1445
1368 1369 1448 1367
1367 1448 1447 1442
1369 1370 1449 1448
1370 1373 1450 1449
1409 1451 1372 1371
1451 1452 1384 1372
1373 1383 1453 1450
1377 1374 1389 1454
1375 1381 1455 1383
1376 1378 1456 1379
1454 1456 1378 1377
1380 1379 1456 1457
1381 1382 1458 1455
1382 1380 1457 1458
1383 1455 1459 1453
1452 1460 1385 1384
1460 1462 1386 1385
1462 1463 1387 1386
1454 1389 1465 1461
1465 1466 1464 1461
1463 1467 1393 1387
1390 1388 1401 1468
1389 1392 1469 1465
1392 1391 1470 1469
1391 1390 1468 1470
1467 1471 1394 1393
1471 1472 1395 1394
1472 1473 1396 1395
1473 1474 1397 1396
1474 1475 1398 1397
1475 1476 1399 1398
1476 1477 1400 1399
1478 1403 1400 1477
1479 1468 1401 1402
1480 1479 1402 1405
1481 1404 1403 1478
1482 1406 1404 1481
1483 1480 1405 1407
1484 1408 1406 1482
1484 1483 1407 1408
1410 1485 1451 1409
1411 1486 1485 1410
1412 1487 1486 1411
1413 1488 1487 1412
1414 1489 1488 1413
1490 1491 1489 1414
1415 1417 1492 1416
1416 1492 1493 1490
1417 1418 1494 1492
1418 1419 1495 1494
1419 1420 1496 1495
1497 1496 1420 1421
1422 1429 1498 1499
1423 1422 1499 1500
1424 1423 1500 1501
1430 1502 1427 1425
1502 1503 1428 1427
1428 1503 1429 1426
1429 1503 1504 1498
1432 1505 1502 1430
1431 1440 1506 1433
1434 1507 1505 1432
1433 1506 1508 1435
1436 1509 1507 1434
1435 1508 1510 1437
1439 1511 1509 1436
1438 1512 1511 1439
1437 1510 1512 1438
1440 1441 1513 1506
1441 1445 1514 1513
1442 1447 1515 1443
1443 1515 1516 1444
1444 1516 1517 1446
1445 1446 1518 1514
1446 1517 1519 1518
1448 1449 1521 1447
1447 1521 1520 1515
1449 1450 1522 1521
1450 1453 1523 1522
1485 1524 1452 1451
1524 1525 1460 1452
1453 1459 1526 1523
1454 1461 1527 1456
1528 1459 1455 1458
1458 1457 1529 1528
1457 1456 1527 1529
1528 1530 1526 1459
1525 1531 1462 1460
1527 1461 1464 1532
1531 1534 1463 1462
1532 1464 1535 1533
1534 1536 1467 1463
1464 1466 1537 1535
1469 1538 1466 1465
1537 1466 1538 1539
1536 1540 1471 1467
1470 1541 1538 1469
1470 1468 1479 1541
1540 1542 1472 1471
1542 1543 1473 1472
1543 1544 1474 1473
1544 1545 1475 1474
1545 1546 1476 1475
1547 1477 1476 1546
1548 1478 1477 1547
1549 1481 1478 1548
1550 1541 1479 1480
1551 1550 1480 1483
1552 1482 1481 1549
1552 1553 1484 1482
1553 1551 1483 1484
1486 1554 1524 1485
1487 1555 1554 1486
1488 1556 1555 1487
1489 1557 1556 1488
1491 1558 1557 1489
1490 1493 1559 1491
1559 1560 1558 1491
1492 1494 1562 1493
1493 1562 1561 1559
1494 1495 1563 1562
1495 1496 1564 1563
1565 1564 1496 1497
1498 1504 1566 1567
1499 1498 1567 1568
1500 1499 1568 1569
1501 1500 1569 1570
1505 1571 1503 1502
1571 1572 1504 1503
1504 1572 1573 1566
1507 1574 1571 1505
1506 1513 1575 1508
1509 1576 1574 1507
1508 1575 1577 1510
1511 1578 1576 1509
1510 1577 1579 1512
1512 1579 1578 1511
1513 1514 1580 1575
1514 1518 1581 1580
1515 1520 1582 1516
1516 1582 1583 1517
1517 1583 1584 1519
1518 1519 1585 1581
1519 1584 1586 1585
1520 1588 1587 1582
1521 1522 1588 1520
1522 1523 1589 1588
1523 1526 1590 1589
1554 1591 1525 1524
1591 1592 1531 1525
1526 1530 1593 1590
1529 1527 1532 1594
1530 1528 1595 1593
1529 1594 1595 1528
1592 1596 1534 1531
1594 1532 1533 1597
1597 1533 1535 1598
1596 1599 1536 1534
1535 1537 1600 1598
1599 1601 1540 1536
1600 1537 1539 1602
1539 1538 1541 1603
1602 1539 1603 1604
1601 1605 1542 1540
1603 1541 1550 1606
1605 1607 1543 1542
1607 1608 1544 1543
1608 1609 1545 1544
1610 1546 1545 1609
1611 1547 1546 1610
1613 1548 1547 1611
1612 1549 1548 1613
1614 1552 1549 1612
1606 1550 1551 1615
1614 1616 1553 1552
1616 1615 1551 1553
1555 1617 1591 1554
1556 1618 1617 1555
1557 1619 1618 1556
1558 1620 1619 1557
1560 1621 1620 1558
1561 1623 1560 1559
1623 1622 1621 1560
1562 1563 1625 1561
1625 1624 1623 1561
1626 1625 1563 1564
1627 1626 1564 1565
1566 1573 1628 1629
1567 1566 1629 1630
1568 1567 1630 1631
1569 1568 1631 1632
1570 1569 1632 1633
1574 1634 1572 1571
1634 1635 1573 1572
1573 1635 1636 1628
1576 1637 1634 1574
1575 1580 1638 1577
1578 1639 1637 1576
1577 1638 1640 1579
1579 1640 1639 1578
1580 1581 1641 1638
1581 1585 1642 1641
1582 1587 1643 1583
1583 1643 1644 1584
1584 1644 1645 1586
1585 1586 1646 1642
1586 1645 1647 1646
1587 1649 1648 1643
1588 1589 1649 1587
1589 1590 1650 1649
1590 1593 1651 1650
1617 1652 1592 1591
1652 1653 1596 1592
1593 1595 1654 1651
1595 1594 1597 1654
1653 1655 1599 1596
1597 1598 1656 1654
1598 1600 1657 1656
1655 1658 1601 1599
1657 1600 1602 1659
1658 1660 1605 1601
1604 1603 1606 1661
1604 1661 1659 1602
1660 1662 1607 1605
1661 1606 1615 1663
1662 1664 1608 1607
1665 1609 1608 1664
1666 1610 1609 1665
1667 1611 1610 1666
1668 1613 1611 1667
1670 1612 1613 1668
1670 1669 1614 1612
1669 1671 1616 1614
1671 1663 1615 1616
1618 1672 1652 1617
1619 1673 1672 1618
1620 1674 1673 1619
1621 1675 1674 1620
1621 1622 1676 1675
1624 1678 1622 1623
1677 1676 1622 1678
1679 1678 1624 1625
1680 1679 1625 1626
1681 1680 1626 1627
1628 1636 1682 1683
1629 1628 1683 1684
1630 1629 1684 1685
1631 1630 1685 1686
1632 1631 1686 1687
1633 1632 1687 1688
1635 1634 1637 1689
1635 1689 1682 1636
1639 1690 1689 1637
1640 1691 1690 1639
1638 1641 1691 1640
1641 1642 1692 1691
1642 1646 1693 1692
1643 1648 1694 1644
1644 1694 1695 1645
1647 1645 1695 1696
1693 1646 1647 1697
1647 1696 1698 1697
1699 1694 1648 1700
1700 1648 1649 1701
1701 1649 1650 1702
1650 1651 1703 1702
1703 1651 1654 1704
1672 1705 1653 1652
1705 1706 1655 1653
1704 1654 1656 1707
1706 1708 1658 1655
1656 1657 1709 1707
1709 1657 1659 1710
1708 1711 1660 1658
1710 1659 1661 1712
1711 1713 1662 1660
1712 1661 1663 1714
1713 1715 1664 1662
1716 1714 1663 1671
1717 1665 1664 1715
1718 1666 1665 1717
1719 1667 1666 1718
1720 1668 1667 1719
1721 1670 1668 1720
1721 1722 1669 1670
1722 1716 1671 1669
1673 1723 1705 1672
1674 1724 1723 1673
1675 1725 1724 1674
1676 1726 1725 1675
1727 1726 1676 1677
1677 1678 1728 1727
1729 1728 1678 1679
1730 1729 1679 1680
1731 1730 1680 1681
1732 1733 1682 1689
1683 1682 1733 1734
1684 1683 1734 1735
1685 1684 1735 1736
1686 1685 1736 1737
1687 1686 1737 1738
1688 1687 1738 1739
1732 1689 1690 1740
1691 1692 1740 1690
1740 1692 1693 1741
1741 1693 1697 1742
1698 1696 1695 1743
1699 1743 1695 1694
1742 1697 1698 1744
1744 1698 1743 1745
1699 1700 1746 1743
1746 1700 1701 1747
1747 1701 1702 1748
1702 1703 1749 1748
1749 1703 1704 1750
1750 1704 1707 1751
1723 1752 1706 1705
1752 1753 1708 1706
1751 1707 1709 1754
1753 1755 1711 1708
1754 1709 1710 1756
1756 1710 1712 1757
1755 1758 1713 1711
1757 1712 1714 1759
1760 1715 1713 1758
1759 1714 1716 1761
1762 1717 1715 1760
1763 1761 1716 1722
1764 1718 1717 1762
1765 1719 1718 1764
1766 1720 1719 1765
1767 1721 1720 1766
1763 1722 1721 1767
1724 1768 1752 1723
1725 1769 1768 1724
1726 1770 1769 1725
1771 1770 1726 1727
1772 1771 1727 1728
1773 1772 1728 1729
1774 1773 1729 1730
1775 1774 1730 1731
1733 1732 1740 1776
1734 1733 1776 1777
1735 1734 1777 1778
1736 1735 1778 1779
1737 1736 1779 1780
1738 1737 1780 1781
1739 1738 1781 1782
1776 1740 1741 1783
1783 1741 1742 1784
1784 1742 1744 1785
1745 1743 1746 1786
1785 1744 1745 1787
1787 1745 1786 1788
1786 1746 1747 1789
1747 1748 1790 1789
1748 1749 1791 1790
1791 1749 1750 1792
1792 1750 1751 1793
1793 1751 1754 1794
1768 1795 1753 1752
1795 1796 1755 1753
1794 1754 1756 1797
1798 1758 1755 1796
1797 1756 1757 1799
1799 1757 1759 1800
1801 1760 1758 1798
1800 1759 1761 1802
1803 1762 1760 1801
1804 1802 1761 1763
1805 1764 1762 1803
1804 1763 1767 1806
1807 1765 1764 1805
1808 1766 1765 1807
1806 1767 1766 1808
1769 1809 1795 1768
1810 1809 1769 1770
1811 1810 1770 1771
1812 1811 1771 1772
1813 1812 1772 1773
1814 1813 1773 1774
1815 1814 1774 1775
1777 1776 1783 1816
1778 1777 1816 1817
1779 1778 1817 1818
1780 1779 1818 1819
1781 1780 1819 1820
1782 1781 1820 1821
1816 1783 1784 1822
1822 1784 1785 1823
1823 1785 1787 1824
1788 1786 1789 1825
1824 1787 1788 1826
1826 1788 1825 1827
1825 1789 1790 1828
1790 1791 1829 1828
1791 1792 1830 1829
1830 1792 1793 1831
1831 1793 1794 1832
1832 1794 1797 1833
1809 1834 1796 1795
1835 1798 1796 1834
1833 1797 1799 1836
1837 1801 1798 1835
1836 1799 1800 1838
1838 1800 1802 1839
1840 1803 1801 1837
1841 1839 1802 1804
1842 1805 1803 1840
1843 1841 1804 1806
1844 1807 1805 1842
1845 1808 1807 1844
1843 1806 1808 1845
1846 1834 1809 1810
1847 1846 1810 1811
1848 1847 1811 1812
1849 1848 1812 1813
1850 1849 1813 1814
1851 1850 1814 1815
1817 1816 1822 1852
1818 1817 1852 1853
1819 1818 1853 1854
1820 1819 1854 1855
1821 1820 1855 1856
1852 1822 1823 1857
1857 1823 1824 1858
1858 1824 1826 1859
1825 1828 1860 1827
1859 1826 1827 1861
1827 1860 1862 1861
1828 1829 1863 1860
1863 1829 1830 1864
1864 1830 1831 1865
1865 1831 1832 1866
1866 1832 1833 1867
1867 1833 1836 1868
1869 1835 1834 1846
1870 1837 1835 1869
1868 1836 1838 1871
1872 1840 1837 1870
1871 1838 1839 1873
1873 1839 1841 1874
1875 1842 1840 1872
1874 1841 1843 1876
1877 1844 1842 1875
1878 1845 1844 1877
1876 1843 1845 1878
1879 1869 1846 1847
1880 1879 1847 1848
1881 1880 1848 1849
1882 1881 1849 1850
1883 1882 1850 1851
1853 1852 1857 1884
1854 1853 1884 1885
1855 1854 1885 1886
1856 1855 1886 1887
1884 1857 1858 1888
1888 1858 1859 1889
1889 1859 1861 1890
1860 1863 1891 1862
1890 1861 1862 1892
1892 1862 1891 1893
1891 1863 1864 1894
1894 1864 1865 1895
1895 1865 1866 1896
1896 1866 1867 1897
1897 1867 1868 1898
1898 1868 1871 1899
1900 1870 1869 1879
1901 1872 1870 1900
1902 1899 1871 1873
1903 1875 1872 1901
1902 1873 1874 1904
1904 1874 1876 1905
1906 1877 1875 1903
1907 1878 1877 1906
1905 1876 1878 1907
1908 1900 1879 1880
1909 1908 1880 1881
1910 1909 1881 1882
1911 1910 1882 1883
1885 1884 1888 1912
1886 1885 1912 1913
1887 1886 1913 1914
1912 1888 1889 1915
1915 1889 1890 1916
1916 1890 1892 1917
1893 1891 1894 1918
1917 1892 1893 1919
1919 1893 1918 1920
1918 1894 1895 1921
1921 1895 1896 1922
1922 1896 1897 1923
1923 1897 1898 1924
1924 1898 1899 1925
1926 1925 1899 1902
1927 1901 1900 1908
1928 1903 1901 1927
1929 1926 1902 1904
1930 1906 1903 1928
1931 1929 1904 1905
1932 1907 1906 1930
1931 1905 1907 1932
1933 1927 1908 1909
1934 1933 1909 1910
1935 1934 1910 1911
1913 1912 1915 1936
1914 1913 1936 1937
1936 1915 1916 1938
1938 1916 1917 1939
1939 1917 1919 1940
1920 1918 1921 1941
1940 1919 1920 1942
1942 1920 1941 1943
1941 1921 1922 1944
1944 1922 1923 1945
1945 1923 1924 1946
1946 1924 1925 1947
1947 1925 1926 1948
1949 1948 1926 1929
1950 1928 1927 1933
1951 1930 1928 1950
1952 1949 1929 1931
1953 1932 1930 1951
1952 1931 1932 1953
1954 1950 1933 1934
1955 1954 1934 1935
1937 1936 1938 1956
1956 1938 1939 1957
1957 1939 1940 1958
1958 1940 1942 1959
1943 1941 1944 1960
1959 1942 1943 1961
1961 1943 1960 1962
1944 1945 1963 1960
1963 1945 1946 1964
1964 1946 1947 1965
1965 1947 1948 1966
1967 1966 1948 1949
1968 1967 1949 1952
1969 1951 1950 1954
1970 1953 1951 1969
1968 1952 1953 1970
1971 1969 1954 1955
1956 1957 1973 1972
1957 1958 1974 1973
1975 1974 1958 1959
1976 1975 1959 1961
1962 1960 1963 1977
1978 1976 1961 1962
1979 1978 1962 1977
1977 1963 1964 1980
1981 1980 1964 1965
1981 1965 1966 1982
1983 1982 1966 1967
1983 1967 1968 1984
1985 1970 1969 1971
1984 1968 1970 1985
1972 1973 1987 1986
1973 1974 1988 1987
1974 1975 1989 1988
1975 1976 1990 1989
1976 1978 1991 1990
1992 1979 1977 1980
1993 1991 1978 1979
1994 1993 1979 1992
1995 1992 1980 1981
1996 1995 1981 1982
1997 1996 1982 1983
1998 1997 1983 1984
1999 1998 1984 1985
1986 1987 2001 2000
1987 1988 2002 2001
1988 1989 2003 2002
1989 1990 2004 2003
1990 1991 2005 2004
1991 1993 2006 2005
1994 1992 1995 2007
1994 2007 2006 1993
2008 2007 1995 1996
2009 2008 1996 1997
2010 2009 1997 1998
2011 2010 1998 1999
2000 2001 2013 2012
2001 2002 2014 2013
2002 2003 2015 2014
2003 2004 2016 2015
2004 2005 2017 2016
2017 2005 2006 2018
2019 2018 2006 2007
2020 2019 2007 2008
2021 2020 2008 2009
2022 2021 2009 2010
2023 2022 2010 2011
2012 2013 2026 2024
2013 2014 2027 2026
2014 2015 2028 2027
2015 2016 2029 2028
2016 2017 2030 2029
2017 2018 2031 2030
2018 2019 2032 2031
2019 2020 2033 2032
2034 2033 2020 2021
2035 2034 2021 2022
2036 2035 2022 2023
2024 2026 2037 2025
2025 2037 2039 2038
2026 2027 2040 2037
2027 2028 2041 2040
2028 2029 2042 2041
2029 2030 2043 2042
2031 2044 2043 2030
2045 2044 2031 2032
2046 2045 2032 2033
2047 2046 2033 2034
2048 2047 2034 2035
2049 2048 2035 2036
2037 2040 2051 2039
2038 2039 2052 2050
2039 2051 2053 2052
2040 2041 2054 2051
2041 2042 2055 2054
2042 2043 2056 2055
2044 2057 2056 2043
2058 2057 2044 2045
2059 2058 2045 2046
2060 2059 2046 2047
2061 2060 2047 2048
2062 2061 2048 2049
2050 2052 2064 2063
2051 2054 2065 2053
2052 2053 2066 2064
2053 2065 2067 2066
2054 2055 2068 2065
2069 2068 2055 2056
2070 2069 2056 2057
2071 2070 2057 2058
2072 2071 2058 2059
2073 2072 2059 2060
2074 2073 2060 2061
2075 2074 2061 2062
2063 2064 2077 2076
2064 2066 2078 2077
2065 2068 2079 2067
2066 2067 2080 2078
2067 2079 2081 2080
2068 2069 2082 2079
2069 2070 2083 2082
2084 2083 2070 2071
2085 2084 2071 2072
2086 2085 2072 2073
2087 2086 2073 2074
2088 2087 2074 2075
2076 2077 2090 2089
2077 2078 2091 2090
2078 2080 2092 2091
2079 2082 2093 2081
2080 2081 2094 2092
2081 2093 2095 2094
2083 2096 2093 2082
2097 2096 2083 2084
2098 2097 2084 2085
2099 2098 2085 2086
2100 2099 2086 2087
2101 2100 2087 2088
2089 2090 2103 2102
2090 2091 2104 2103
2091 2092 2105 2104
2092 2094 2106 2105
2096 2107 2095 2093
2094 2095 2108 2106
2107 2109 2108 2095
2110 2107 2096 2097
2111 2110 2097 2098
2112 2111 2098 2099
2113 2112 2099 2100
2114 2113 2100 2101
2102 2103 2118 2115
2103 2104 2119 2118
2104 2105 2120 2119
2105 2106 2121 2120
2106 2108 2122 2121
2123 2109 2107 2110
2109 2123 2122 2108
2124 2123 2110 2111
2125 2124 2111 2112
2126 2125 2112 2113
2127 2126 2113 2114
2115 2118 2133 2116
2116 2133 2134 2117
2117 2134 2135 2128
2118 2119 2136 2133
2119 2120 2137 2136
2120 2121 2138 2137
2121 2122 2139 2138
2122 2123 2140 2139
2123 2124 2141 2140
2124 2125 2142 2141
2143 2142 2125 2126
2144 2143 2126 2127
2128 2135 2148 2129
2129 2148 2149 2130
2130 2149 2150 2131
2131 2150 2151 2132
2132 2151 2152 2145
2133 2136 2153 2134
2134 2153 2154 2135
2135 2154 2155 2148
2136 2137 2156 2153
2137 2138 2157 2156
2138 2139 2158 2157
2140 2159 2158 2139
2160 2159 2140 2141
2161 2160 2141 2142
2162 2161 2142 2143
2163 2162 2143 2144
2145 2152 2164 2146
2146 2164 2165 2147
2147 2165 2167 2166
2148 2155 2168 2149
2169 2150 2149 2168
2150 2169 2170 2151
2151 2170 2171 2152
2152 2171 2172 2164
2153 2156 2174 2154
2154 2174 2173 2155
2155 2173 2175 2168
2156 2157 2176 2174
2157 2158 2177 2176
2159 2178 2177 2158
2179 2178 2159 2160
2180 2179 2160 2161
2181 2180 2161 2162
2182 2181 2162 2163
2164 2172 2183 2165
2165 2183 2184 2167
2166 2167 2186 2185
2167 2184 2187 2186
2188 2169 2168 2175
2169 2188 2189 2170
2170 2189 2190 2171
2171 2190 2191 2172
2172 2191 2192 2183
2173 2194 2193 2175
2174 2176 2194 2173
2195 2188 2175 2193
2176 2177 2196 2194
2178 2197 2196 2177
2198 2197 2178 2179
2199 2198 2179 2180
2200 2199 2180 2181
2201 2200 2181 2182
2183 2192 2202 2184
2184 2202 2203 2187
2185 2186 2204 2205
2186 2187 2206 2204
2187 2203 2207 2206
2188 2195 2208 2189
2189 2208 2209 2190
2190 2209 2210 2191
2191 2210 2211 2192
2192 2211 2212 2202
2213 2195 2193 2214
2194 2196 2214 2193
2195 2213 2215 2208
2196 2197 2216 2214
2217 2216 2197 2198
2218 2217 2198 2199
2219 2218 2199 2200
2220 2219 2200 2201
2202 2212 2221 2203
2203 2221 2222 2207
2205 2204 2225 2223
2204 2206 2224 2225
2206 2207 2226 2224
2207 2222 2227 2226
2208 2215 2229 2209
2209 2229 2230 2210
2210 2230 2231 2211
2211 2231 2232 2212
2233 2221 2212 2232
2234 2213 2214 2216
2215 2213 2234 2229
2235 2234 2216 2217
2236 2235 2217 2218
2237 2236 2218 2219
2238 2237 2219 2220
2221 2233 2239 2222
2222 2239 2240 2227
2226 2227 2241 2242
2223 2225 2243 2228
2225 2224 2244 2243
2224 2226 2242 2244
2245 2241 2227 2240
2228 2243 2246 2247
2230 2229 2234 2251
2230 2251 2252 2231
2252 2233 2232 2231
2239 2233 2252 2253
2254 2251 2234 2235
2255 2254 2235 2236
2256 2255 2236 2237
2257 2256 2237 2238
2239 2253 2258 2240
2245 2240 2258 2259
2245 2260 2242 2241
2243 2244 2261 2246
2244 2242 2260 2261
2245 2259 2262 2260
2247 2246 2264 2248
2246 2261 2263 2264
2248 2264 2265 2249
2250 2249 2265 2266
2267 2252 2251 2254
2253 2269 2268 2258
2269 2253 2252 2267
2270 2267 2254 2255
2271 2270 2255 2256
2272 2271 2256 2257
2273 2259 2258 2268
2273 2274 2262 2259
2274 2275 2276 2262
2261 2260 2277 2263
2277 2260 2262 2276
2264 2263 2279 2265
2279 2263 2277 2278
2266 2265 2279 2280
2281 2269 2267 2270
2282 2273 2268 2283
2283 2268 2269 2281
2284 2281 2270 2271
2285 2284 2271 2272
2282 2286 2274 2273
2287 2275 2274 2286
2288 2276 2275 2287
2277 2276 2288 2289
2278 2277 2289 2290
2279 2278 2290 2291
2280 2279 2291 2292
2293 2283 2281 2284
2295 2282 2283 2293
2294 2286 2282 2295
2296 2293 2284 2285
2294 2297 2287 2286
2297 2298 2288 2287
2299 2289 2288 2298
2290 2289 2299 2300
2291 2290 2300 2301
2292 2291 2301 2302
2304 2303 2297 2294
2305 2295 2293 2296
2304 2294 2295 2305
2303 2306 2298 2297
2307 2299 2298 2306
2300 2299 2307 2308
2301 2300 2308 2309
2302 2301 2309 2310
2312 2311 2306 2303
2313 2312 2303 2304
2314 2313 2304 2305
2311 2315 2307 2306
2315 2316 2308 2307
2316 2317 2309 2308
2310 2309 2317 2318
2311 2319 2320 2315
2321 2319 2311 2312
2322 2321 2312 2313
2323 2322 2313 2314
2316 2315 2320 2324
2317 2316 2324 2325
2318 2317 2325 2326
2329 2330 2319 2321
2324 2320 2319 2330
2331 2329 2321 2322
2332 2331 2322 2323
2334 2324 2330 2333
2326 2325 2335 2327
2325 2324 2334 2335
2328 2327 2335 2336
2337 2338 2329 2331
2338 2333 2330 2329
2339 2337 2331 2332
2342 2334 2333 2338
2335 2334 2342 2343
2336 2335 2343 2344
2340 2345 2337 2339
2345 2342 2338 2337
2346 2345 2340 2341
2343 2342 2345 2347
2344 2343 2347 2348
2349 2347 2345 2346
2350 2348 2347 2349
boundary nodes
324
1
0
2
4
5
6
7
8
10
12
14
15
11
17
18
20
21
23
25
26
27
28
30
32
33
34
35
36
37
38
42
43
44
45
46
47
48
50
51
52
53
54
56
55
57
58
59
60
61
62
63
64
65
66
67
70
71
72
85
86
87
88
89
106
107
112
114
117
116
118
126
127
128
129
130
157
161
163
164
165
166
167
168
169
170
171
172
175
176
178
179
180
181
182
183
184
190
191
192
193
194
223
236
241
242
243
244
245
246
247
248
249
250
251
252
253
254
255
296
309
364
376
428
441
488
502
548
561
606
618
655
672
673
709
708
710
711
712
713
732
766
770
771
793
827
831
832
857
891
895
896
897
923
959
962
963
964
965
966
967
968
994
1027
1028
1032
1033
1039
1067
1096
1099
1100
1101
1102
1105
1106
1110
1111
1112
1143
1175
1177
1178
1179
1180
1185
1187
1188
1218
1250
1251
1256
1257
1258
1265
1266
1267
1268
1269
1270
1271
1272
1273
1274
1275
1276
1277
1278
1290
1334
1338
1340
1371
1409
1410
1411
1412
1413
1414
1415
1416
1421
1424
1490
1497
1501
1565
1570
1627
1633
1681
1688
1731
1739
1775
1782
1815
1821
1851
1856
1883
1887
1911
1914
1935
1937
1955
1956
1971
1972
1985
1986
1999
2000
2011
2012
2023
2024
2025
2036
2038
2049
2050
2062
2063
2075
2076
2088
2089
2101
2102
2114
2115
2116
2117
2127
2128
2129
2130
2131
2132
2144
2145
2146
2147
2163
2166
2182
2185
2201
2205
2220
2223
2228
2238
2247
2248
2249
2250
2257
2266
2272
2280
2285
2292
2296
2302
2305
2310
2314
2318
2323
2326
2327
2328
2332
2336
2339
2340
2341
2344
2346
2348
2349
2350
boundary elements
324
1 0
2 1
0 4
5 2
6 5
7 6
4 8
10 7
8 12
14 10
15 11
11 17
12 18
20 14
21 15
17 23
18 25
26 27
27 20
28 26
30 21
23 32
33 34
35 33
34 36
25 37
38 28
37 42
42 43
43 44
44 45
45 46
46 47
48 30
32 50
47 51
51 52
52 53
53 54
56 55
57 56
54 58
59 57
60 61
61 59
58 62
63 60
62 64
64 63
65 38
66 65
67 35
36 70
71 67
72 66
85 48
55 85
50 86
86 87
87 88
88 89
106 71
107 106
70 112
114 72
117 116
118 117
89 126
126 127
127 128
128 129
129 130
157 107
112 161
163 157
164 163
165 164
166 165
167 166
168 167
169 168
170 171
171 169
172 114
175 170
176 175
116 178
179 118
178 180
180 181
181 182
182 183
184 179
130 190
191 184
192 193
193 191
190 194
194 192
161 223
236 172
241 176
183 242
243 241
242 244
245 243
244 246
246 247
247 248
249 245
248 250
250 251
252 249
253 254
254 252
251 255
255 253
223 296
309 236
296 364
376 309
364 428
441 376
428 488
502 441
488 548
561 502
548 606
618 561
606 655
655 672
673 618
709 708
710 709
711 710
712 711
672 713
732 673
708 766
770 712
713 771
793 732
766 827
831 770
771 832
857 793
827 891
895 831
832 896
896 897
923 857
891 959
962 895
959 963
963 964
897 965
965 966
966 967
967 968
994 923
1027 1028
1032 962
964 1033
968 1039
1067 994
1096 1027
1028 1099
1099 1100
1100 1101
1102 1096
1105 1032
1033 1106
1106 1110
1111 1105
1039 1112
1143 1067
1101 1175
1177 1102
1178 1177
1179 1178
1110 1180
1185 1111
1180 1187
1112 1188
1218 1143
1175 1250
1250 1251
1256 1179
1187 1257
1258 1185
1265 1258
1188 1266
1267 1265
1266 1268
1269 1267
1268 1270
1271 1269
1270 1272
1272 1273
1274 1271
1273 1275
1276 1277
1277 1274
1275 1278
1278 1276
1290 1218
1251 1334
1338 1256
1257 1340
1371 1290
1409 1371
1410 1409
1411 1410
1412 1411
1413 1412
1414 1413
1334 1415
1415 1416
1421 1338
1340 1424
1490 1414
1416 1490
1497 1421
1424 1501
1565 1497
1501 1570
1627 1565
1570 1633
1681 1627
1633 1688
1731 1681
1688 1739
1775 1731
1739 1782
1815 1775
1782 1821
1851 1815
1821 1856
1883 1851
1856 1887
1911 1883
1887 1914
1935 1911
1914 1937
1955 1935
1937 1956
1971 1955
1956 1972
1985 1971
1972 1986
1999 1985
1986 2000
2011 1999
2000 2012
2023 2011
2012 2024
2024 2025
2036 2023
2025 2038
2049 2036
2038 2050
2062 2049
2050 2063
2075 2062
2063 2076
2088 2075
2076 2089
2101 2088
2089 2102
2114 2101
2102 2115
2115 2116
2116 2117
2127 2114
2117 2128
2128 2129
2129 2130
2130 2131
2131 2132
2144 2127
2132 2145
2145 2146
2146 2147
2163 2144
2147 2166
2182 2163
2166 2185
2201 2182
2185 2205
2220 2201
2205 2223
2223 2228
2238 2220
2228 2247
2247 2248
2248 2249
2249 2250
2257 2238
2250 2266
2272 2257
2266 2280
2285 2272
2280 2292
2296 2285
2292 2302
2305 2296
2302 2310
2314 2305
2310 2318
2323 2314
2318 2326
2326 2327
2327 2328
2332 2323
2328 2336
2339 2332
2340 2339
2341 2340
2336 2344
2346 2341
2344 2348
2349 2346
2350 2349
2348 2350
